 14 -9 14
913 236 16263 -3 3 11
882 214 16283 2 -10 4
900 226 16302 1 -15 -5
873 239 16245 1874 255 16151 14 -29 4
926 260 16377 14 -9 14
913 236 16263 -3 3 11
882 214 16283 2 -10 4
900 226 16302 1 -15 -5
873 239 16245 1874 255 16151 14 -29 4
926 260 16377 14 -9 14
913 236 16263 -3 3 11
882 214 16283 2 -10 4
900 226 16302 1 -15 -5
873 239 16245 1833 261 16272 -4 34 8
852 271 16253 12 -4 9
835 251 16232 13 -2 17
845 275 16208 2 -18 14
833 263 16220 10 -9 3
842 252 16268 12 -23 10
824 259 16204 10 -21 12
836 266 16235 12 -13 -3
868 254 16212 17 -13 8
862 239 16226 14 -23 13
857 239 16249 22 -22 2
844 250 16265 18 -13 1
839 234 16263 6 -13 5
854 240 16237 4 -15 16
877 261 16200 8 -29 7
898 276 16194 14 -23 26
899 265 16206 17 -11 13
908 276 16231 8 -10 8
881 263 16275 10 -9 15
890 290 16273 11 -11 15
859 280 16263 14 -19 8
871 288 16247 17 -24 9
867 284 16199 -2 -23 1
831 265 16211 9 -31 -11
831 273 16217 13 -17 1
838 267 16226 3 -17 3
840 258 16212 13 -12 5
849 263 16230 12 -14 0
846 246 16221 9 -9 8
846 268 16233 19 -8 15
829 262 16214 8 -4 23
857 248 16247 27 -17 23
872 267 16196 11 -18 15
875 259 16200 23 -21 17
872 266 16243 21 -25 4
890 265 16207 18 -4 7
919 273 16252 16 -14 22
892 267 16231 25 -15 19
871 278 16243 26 -23 3
895 261 16240 19 -2 -2
879 274 16257 32 -2 11
886 261 16237 13 -26 10
882 277 16225 18 -23 24
874 263 16221 18 -14 16
857 249 16245 10 -5 10
820 235 16245 12 -7 9
856 239 16214 14 -17 2
837 225 16215 13 -11 1
828 234 16179 4 -5 16
834 232 16201 10 -14 16
853 257 16227 4 -22 15
872 268 16227 14 -9 11
845 260 16247 13 0 23
837 240 16253 4 -10 12
873 265 16239 17 -11 28
871 296 16224 4 -15 2
863 307 16225 0 -21 11
857 294 16216 17 -9 24
879 310 16233 -5 -6 28
880 310 16240 14 -5 14
867 287 16248 5 -7 14
897 299 16241 19 -9 25
885 306 16223 21 -10 13
866 279 16199 8 -10 5
851 289 16236 21 -11 14
852 278 16203 14 -6 9
850 268 16226 17 -15 10
827 251 16210 6 -3 -3
851 242 16199 7 -12 16
867 246 16220 13 -14 8
870 221 16221 10 -13 17
868 226 16261 15 -6 11
851 238 16252 9 -4 10
841 254 16247 9 -16 27
847 270 16239 14 -13 15
874 271 16251 8 -18 22
874 289 16235 8 -2 16
863 270 16217 18 -11 11
833 262 16252 16 4 5
859 281 16214 1 -22 11
846 274 16223 17 -14 11
865 281 16212 -5 4 14
870 279 16244 4 -11 17
851 267 16249 18 -13 10
879 275 16240 23 -2 -2
859 273 16251 18 -14 14
852 251 16203 11 -8 17
837 242 16224 8 -17 10
843 241 16222 9 -10 2
854 245 16241 3 -4 10
882 264 16244 9 -18 16
875 259 16228 -5 -16 22
887 263 16241 10 -4 15
863 283 16244 5 -5 8
846 243 16254 9 -6 17
846 290 16257 7 -10 1
833 274 16236 9 -26 19
841 291 16199 18 -5 2
849 312 16215 20 -8 8
847 271 16215 10 -4 17
842 279 16208 8 -8 9
840 273 16242 2 -12 15
856 261 16231 2 -9 15
854 251 16256 7 -16 16
846 261 16206 -3 -10 6
836 246 16225 18 -17 13
862 239 16230 2 -27 9
861 252 16248 4 -22 -8
873 223 16209 14 -15 9
855 216 16232 16 -17 8
864 229 16265 4 -21 11
870 241 16244 18 -13 16
851 248 16222 7 -4 12
871 264 16221 17 -20 11
860 289 16197 15 -13 21
855 277 16202 17 -4 16
854 296 16211 5 -1 19
865 287 16240 11 -15 23
887 309 16236 11 -16 22
881 280 16222 14 -17 25
873 298 16183 17 -13 9
866 285 16228 13 -10 11
855 262 16213 15 -13 16
867 251 16258 12 -12 2
849 278 16262 -5 -31 6
844 246 16251 11 -9 7
854 248 16251 18 -14 18
849 239 16219 15 -11 7
862 241 16215 13 -14 9
864 250 16215 2 -14 16
872 241 16226 11 -11 30
871 258 16280 14 2 17
869 272 16219 16 -3 13
875 283 16218 7 -15 10
880 288 16240 18 -13 7
869 258 16221 3 -2 13
856 282 16252 10 -15 15
857 279 16217 22 -7 11
863 242 16189 8 -11 9
859 255 16227 18 -16 7
868 265 16247 2 -7 18
856 277 16225 1 -21 4
883 263 16225 9 -9 23
872 261 16229 19 -11 16
860 262 16216 25 -13 15
863 267 16237 8 -13 15
842 287 16219 31 -18 30
856 285 16253 12 -15 11
866 263 16237 7 -23 8
870 247 16205 21 -10 12
875 244 16199 6 -3 8
860 243 16194 25 -19 24
870 246 16199 7 -20 7
874 257 16244 15 -4 4
843 267 16242 12 -2 10
856 273 16224 15 -28 4
873 262 16196 -2 -7 12
851 253 16226 25 -14 16
871 264 16248 8 -13 21
849 258 16272 25 -13 18
848 296 16234 3 -17 16
850 284 16227 21 -14 8
864 291 16237 15 -6 9
853 281 16252 5 -21 11
860 275 16257 22 -12 15
863 251 16229 18 -16 3
874 253 16241 6 -19 16
838 258 16257 1 -13 16
844 260 16200 22 -17 3
822 251 16231 -13 -11 24
846 243 16230 3 -12 19
847 260 16222 5 -7 30
852 260 16236 7 -18 28
870 259 16226 10 -6 16
871 275 16217 14 -16 22
879 292 16241 8 -11 5
870 297 16227 15 -11 13
866 290 16220 20 4 12
861 300 16251 10 -18 13
849 283 16235 15 -3 9
868 268 16275 7 -16 4
874 259 16284 9 -12 -4
857 262 16234 12 -22 2
852 240 16200 4 -16 15
847 257 16239 18 -6 11
838 262 16218 21 -17 -5
833 267 16246 27 -4 16
837 269 16214 7 -5 15
826 247 16210 20 -20 12
839 264 16266 -3 -25 10
857 266 16272 13 -26 15
872 269 16252 1 -22 12
891 275 16265 23 -19 22
875 291 16241 12 3 6
876 270 16249 11 -11 4
877 276 16228 15 -3 9
881 283 16209 3 -9 10
890 261 16229 21 -12 9
874 279 16239 9 -9 17
864 262 16248 14 -10 -4
885 254 16232 15 -17 11
866 266 16243 24 -17 4
843 271 16226 19 -1 1
859 279 16222 10 -8 8
840 287 16258 5 -10 14
846 267 16262 15 -15 11
860 280 16223 13 -19 7
835 270 16243 21 -6 20
840 282 16223 7 -11 19
838 260 16245 9 -18 16
858 274 16228 18 -13 9
846 261 16245 9 -17 12
855 281 16200 25 -20 20
857 270 16207 13 -24 6
864 288 16245 2 -23 20
876 271 16261 9 -9 13
884 289 16260 23 -4 -8
884 289 16255 18 -13 14
869 274 16229 14 -3 14
851 279 16189 28 -10 20
863 286 16227 15 -19 13
878 274 16225 5 -5 1
871 257 16223 13 -14 6
872 259 16251 20 -3 6
854 271 16222 27 -10 14
869 255 16224 13 0 8
848 261 16234 18 -15 13
837 261 16213 13 -11 11
843 262 16213 5 -25 10
853 293 16204 7 -6 12
871 280 16230 13 -6 11
857 280 16234 16 -7 18
843 263 16243 6 -8 22
873 283 16172 4 -1 4
874 266 16176 15 -16 16
860 267 16183 12 -4 17
870 265 16180 5 -9 6
863 299 16185 24 -14 17
858 282 16208 21 -14 16
854 248 16244 5 -5 7
864 279 16252 15 -2 19
847 263 16230 21 -17 3
853 266 16230 18 -8 20
866 270 16218 15 -5 1
875 247 16234 16 -5 -9
865 251 16251 9 -14 1
851 298 16253 19 -12 6
872 278 16230 8 -11 2
859 266 16190 17 -18 10
873 274 16216 11 -16 6
861 257 16235 15 -10 7
861 269 16236 21 -13 14
872 256 16210 33 -8 10
875 246 16228 19 -5 3
849 268 16256 4 -9 7
850 274 16235 15 -3 9
848 276 16211 7 -2 11
861 264 16242 11 -18 17
861 251 16220 19 -10 18
888 261 16220 27 -13 12
852 244 16225 15 -3 1
879 262 16245 13 -24 16
877 264 16233 15 -21 0
883 271 16282 10 -19 0
850 274 16228 16 -7 3
869 270 16239 15 -7 13
854 273 16261 16 -10 5
864 280 16281 6 -4 1
862 272 16233 15 -10 3
872 271 16254 8 -1 -2
859 273 16199 17 -11 8
857 267 16213 23 -4 17
849 280 16257 12 -10 8
864 281 16194 29 -8 15
841 252 16217 14 -7 22
847 260 16226 5 -18 16
876 255 16245 13 -14 21
872 276 16253 16 -16 18
860 286 16246 25 4 16
872 267 16223 13 6 16
900 264 16215 10 -35 21
873 283 16224 23 -9 12
870 281 16233 11 -5 15
862 278 16234 1 -5 -3
847 260 16228 29 -18 18
846 264 16245 11 -9 2
854 262 16220 7 -19 13
842 271 16213 18 -9 8
840 271 16216 17 -17 14
849 264 16218 -3 -2 13
841 279 16286 22 -10 5
860 271 16233 10 -8 19
856 267 16218 14 -11 25
891 242 16236 18 -11 19
889 257 16249 8 -15 11
887 249 16206 24 -2 17
863 259 16250 17 -14 2
877 263 16291 15 -11 16
848 261 16254 10 -15 13
863 265 16242 19 -6 2
881 239 16205 21 -25 1
856 260 16215 10 -9 10
865 253 16216 13 2 6
881 262 16207 5 -3 -1
858 247 16231 2 -13 19
865 261 16247 16 -8 8
865 266 16199 -1 -11 11
876 274 16165 20 -20 8
882 273 16193 16 -13 17
898 258 16234 17 -19 12
877 259 16219 10 -8 17
870 249 16272 21 1 3
