***************
16492
-131
-1081
-25
-3
11
***************
***************
16482
-137
-1086
-25
-32
31
***************
***************
16403
-146
-1047
1
-29
24
***************
***************
16407
-137
-1056
1
-65
26
***************
***************
16462
-141
-1077
2
-65
24
***************
***************
16513
-133
-1084
-5
-48
12
***************
***************
16673
-71
-1090
-5
-26
-17
***************
***************
16513
-124
-1074
-7
21
1
***************
***************
16425
-126
-1013
8
22
2
***************
***************
16417
-131
-1077
-14
-24
1
***************
***************
16477
-107
-1051
1
-9
6
***************
***************
16453
-115
-1087
-1
-10
20
***************
***************
16369
-98
-1038
6
-47
4
***************
***************
16422
-115
-1053
1
-62
4
***************
***************
16497
-136
-1064
-2
-42
22
***************
***************
16541
-157
-1080
7
-37
2
***************
***************
16488
-148
-1063
-4
-20
2
***************
***************
16412
-110
-1022
0
-23
-9
***************
***************
16420
-126
-1026
-3
-26
-3
***************
***************
16445
-121
-1011
-1
-37
18
***************
***************
16463
-136
-1062
-2
-35
8
***************
***************
16483
-120
-1042
-2
-38
19
***************
***************
16482
-117
-1070
-7
-23
6
***************
***************
16499
-112
-1073
1
-14
5
***************
***************
16477
-116
-1078
13
-4
0
***************
***************
16448
-125
-1077
-1
-1
5
***************
***************
16399
-128
-1041
0
-25
12
***************
***************
16403
-112
-1055
2
-40
25
***************
***************
16394
-111
-1055
-3
-62
39
***************
***************
16463
-127
-1056
0
-87
28
***************
***************
16521
-137
-1073
2
-67
22
***************
***************
16538
-135
-1101
-6
-23
17
***************
***************
16320
-124
-999
-1
-30
13
***************
***************
16549
-134
-1088
5
-60
0
***************
***************
16432
-120
-1017
1
4
8
***************
***************
16454
-127
-1033
-16
-46
17
***************
***************
16507
-129
-1038
-4
-13
14
***************
***************
16442
-148
-1052
-2
-14
9
***************
***************
16401
-132
-1036
2
-54
19
***************
***************
16425
-135
-1044
-8
-59
27
***************
***************
16512
-125
-1060
5
-61
26
***************
***************
16537
-148
-1095
-10
-30
6
***************
***************
16542
-145
-1112
-8
-1
-2
***************
***************
16490
-115
-1088
-8
18
-6
***************
***************
16479
-109
-1056
-2
15
-5
***************
***************
16407
-113
-1090
-6
13
4
***************
***************
16342
-125
-1040
-6
-14
20
***************
***************
16375
-115
-1042
4
-44
21
***************
***************
16477
-115
-1043
7
-56
15
***************
***************
16530
-128
-1087
-11
-30
18
***************
***************
16547
-122
-1095
-2
8
5
***************
***************
16496
-126
-1092
-4
36
0
***************
***************
16448
-94
-1077
2
32
-7
***************
***************
16410
-121
-1095
-2
6
2
***************
***************
16390
-113
-1044
-15
0
15
***************
***************
16410
-114
-1043
-5
-42
32
***************
***************
16503
-110
-1058
0
-37
26
***************
***************
16581
-129
-1090
-7
-9
14
***************
***************
16581
-125
-1127
-4
57
-6
***************
***************
16537
-132
-1054
-7
69
-16
***************
***************
16473
-134
-1034
-24
82
-31
***************
***************
16410
-96
-1001
-2
87
-24
***************
***************
16361
-85
-968
-4
57
-3
***************
***************
16393
-112
-996
-12
21
21
***************
***************
16617
-161
-1133
-12
-8
31
***************
***************
16655
-134
-1131
13
76
17
***************
***************
16511
-124
-1057
-7
137
13
***************
***************
16455
-107
-1049
7
127
40
***************
***************
16577
-47
-1097
5
125
33
***************
***************
16439
-98
-1053
-1
100
15
***************
***************
16391
-60
-974
9
99
27
***************
***************
16532
-90
-1056
17
69
32
***************
***************
16615
-153
-1099
9
107
35
***************
***************
16472
-106
-1029
-9
192
3
***************
***************
16424
-112
-1025
3
158
3
***************
***************
16392
-124
-980
-5
145
-7
***************
***************
16316
-103
-896
6
110
-25
***************
***************
16407
-109
-967
-2
67
-9
***************
***************
16705
-116
-1148
-5
73
-3
***************
***************
16537
-116
-1057
19
143
-18
***************
***************
16551
-101
-1036
5
141
-13
***************
***************
16669
-141
-1070
2
206
-38
***************
***************
16578
-108
-1001
3
254
-44
***************
***************
16506
-90
-940
13
296
-33
***************
***************
16340
-103
-913
7
237
-16
***************
***************
16445
-127
-959
9
212
-12
***************
***************
16221
-117
-890
2
215
-24
***************
***************
16271
-102
-872
-6
113
-25
***************
***************
16586
-119
-1007
-4
99
-21
***************
***************
16876
-136
-1102
14
194
-42
***************
***************
16997
-161
-1125
8
333
-51
***************
***************
16917
-183
-1212
12
446
-83
***************
***************
16525
-87
-924
41
554
-97
***************
***************
16281
-56
-827
20
484
-90
***************
***************
16180
-63
-803
43
418
-63
***************
***************
16138
-24
-803
-52
180
-77
***************
***************
16212
-86
-792
26
242
-12
***************
***************
16428
-325
-862
54
174
3
***************
***************
16622
-234
-874
118
214
18
***************
***************
16987
-241
-1001
110
283
34
***************
***************
17508
-236
-1148
136
422
68
***************
***************
18070
-372
-1300
260
785
34
***************
***************
18371
-460
-1406
303
1230
-10
***************
***************
18618
-631
-1417
376
1694
-21
***************
***************
18418
-590
-1315
505
2169
-38
***************
***************
17824
-559
-1118
609
2548
-62
***************
***************
17123
-140
-867
527
2536
-172
***************
***************
16252
169
-598
645
2732
-62
***************
***************
15625
22
-361
529
2582
-58
***************
***************
15365
278
-277
452
2274
-133
***************
***************
15386
105
-204
422
2050
-74
***************
***************
15784
-56
-272
430
1841
-42
***************
***************
16695
-189
-510
449
1800
-17
***************
***************
17323
-221
-518
490
2004
-26
***************
***************
17363
-202
-441
527
2235
-68
***************
***************
17371
-495
-410
470
2287
-162
***************
***************
17410
122
-427
484
2561
-347
***************
***************
17013
217
-306
458
2724
-302
***************
***************
16701
510
-145
415
2795
-223
***************
***************
16609
527
-94
326
2851
-85
***************
***************
16560
393
-6
255
2907
-29
***************
***************
16616
283
12
165
2922
-6
***************
***************
16694
138
75
109
2965
-32
***************
***************
16790
-60
146
105
3026
-30
***************
***************
16903
-405
91
95
3149
45
***************
***************
17010
-626
229
44
3199
-339
***************
***************
16843
70
339
165
3332
-335
***************
***************
16724
-12
424
243
3411
-120
***************
***************
16776
45
478
282
3473
-65
***************
***************
16639
55
619
290
3546
-13
***************
***************
16507
44
724
244
3595
-24
***************
***************
16436
-37
804
242
3584
-43
***************
***************
16389
42
900
228
3599
-32
***************
***************
16311
-9
964
214
3553
-24
***************
***************
16553
118
1014
176
3571
-39
***************
***************
16750
153
998
169
3611
-23
***************
***************
16729
197
1092
105
3714
-29
***************
***************
16698
146
1213
55
3775
-39
***************
***************
16761
65
1279
25
3848
-31
***************
***************
16726
15
1323
26
3941
-33
***************
***************
16609
-78
1446
41
4003
-27
***************
***************
16668
-344
1543
75
4049
-18
***************
***************
16626
-389
1620
160
4114
-12
***************
***************
16576
-308
1679
255
4191
5
***************
***************
16580
-111
1794
277
4258
7
***************
***************
16683
36
1903
264
4318
25
***************
***************
16726
105
1978
252
4431
19
***************
***************
16491
154
2074
203
4519
9
***************
***************
16285
154
2206
167
4534
19
***************
***************
16085
100
2401
152
4512
7
***************
***************
16122
65
2439
139
4466
-3
***************
***************
16298
-33
2477
131
4488
8
***************
***************
16386
-74
2554
147
4528
13
***************
***************
16346
-57
2641
164
4581
15
***************
***************
16223
-40
2840
162
4624
23
***************
***************
16040
-103
2980
184
4634
22
***************
***************
15700
-126
3168
217
4582
18
***************
***************
15386
-99
3348
244
4452
42
***************
***************
15262
-145
3463
262
4267
47
***************
***************
15435
16
3551
275
4141
53
***************
***************
15669
26
3587
258
4031
48
***************
***************
15999
-47
3543
273
4004
64
***************
***************
16293
-66
3571
288
4070
58
***************
***************
16480
-184
3680
316
4198
23
***************
***************
16570
-126
3656
360
4285
65
***************
***************
16267
-151
3808
396
4466
88
***************
***************
15796
-74
3902
407
4444
98
***************
***************
15706
-1
4075
416
4391
100
***************
***************
15672
7
4195
401
4387
108
***************
***************
15468
-99
4334
416
4341
106
***************
***************
15332
-95
4508
431
4245
123
***************
***************
15214
-14
4614
434
4155
114
***************
***************
15162
-9
4716
418
4029
111
***************
***************
15358
-4
4743
429
3928
119
***************
***************
15664
-19
4786
449
3904
128
***************
***************
15739
50
4857
444
3966
136
***************
***************
15445
122
4925
426
3962
135
***************
***************
15380
-15
4976
398
3888
126
***************
***************
15235
144
5112
386
3862
102
***************
***************
15134
-17
5173
360
3756
101
***************
***************
15210
-102
5263
382
3690
110
***************
***************
15347
-114
5347
421
3633
127
***************
***************
15595
-68
5372
426
3644
152
***************
***************
15640
-25
5439
445
3742
167
***************
***************
15502
-55
5498
461
3787
161
***************
***************
15305
18
5665
476
3795
170
***************
***************
15172
-52
5768
468
3770
187
***************
***************
15214
-162
5726
484
3733
180
***************
***************
15207
67
5861
524
3720
192
***************
***************
15393
60
5835
484
3732
183
***************
***************
15613
174
5811
461
3788
176
***************
***************
15779
221
5934
453
3926
158
***************
***************
15413
300
6058
356
4053
144
***************
***************
14984
323
6197
303
4054
127
***************
***************
14888
210
6323
235
3982
93
***************
***************
14690
177
6449
200
3921
71
***************
***************
14794
54
6518
174
3862
73
***************
***************
15093
33
6557
183
3865
70
***************
***************
15129
36
6518
164
3921
73
***************
***************
15204
-86
6589
160
3978
69
***************
***************
14941
-109
6781
192
4048
78
***************
***************
14347
39
6970
222
3990
91
***************
***************
14029
94
7158
208
3849
88
***************
***************
14075
71
7250
181
3676
81
***************
***************
14314
-5
7190
188
3564
83
***************
***************
14740
-44
7141
184
3551
92
***************
***************
15033
-49
7118
206
3627
111
***************
***************
15187
4
7121
200
3756
96
***************
***************
15243
-28
7136
206
3910
107
***************
***************
14904
156
7259
201
4040
107
***************
***************
14474
175
7466
167
4077
72
***************
***************
14038
134
7700
107
4000
36
***************
***************
14070
64
7724
72
3889
26
***************
***************
14382
-113
7770
102
3871
28
***************
***************
14466
-223
7829
160
3922
82
***************
***************
14575
-238
7860
226
4005
121
***************
***************
14369
-56
7949
251
4084
139
***************
***************
14213
68
8063
259
4095
140
***************
***************
14012
152
8174
239
4105
109
***************
***************
13749
270
8291
168
4044
84
***************
***************
13888
191
8293
119
3964
60
***************
***************
14216
12
8296
100
3992
48
***************
***************
14292
-130
8350
141
4083
68
***************
***************
14249
-168
8459
171
4182
82
***************
***************
14055
-94
8567
208
4229
117
***************
***************
13810
-122
8638
250
4251
146
***************
***************
13581
-87
8752
271
4253
171
***************
***************
13382
-113
8857
299
4209
182
***************
***************
13412
-225
9006
335
4131
214
***************
***************
13465
-79
9054
395
4130
258
***************
***************
13707
-88
9012
414
4146
276
***************
***************
14045
-48
8934
451
4244
298
***************
***************
13800
95
9053
466
4395
297
***************
***************
13492
193
9222
424
4442
273
***************
***************
13358
92
9316
375
4445
246
***************
***************
13315
42
9412
375
4451
248
***************
***************
13276
-73
9480
386
4482
273
***************
***************
12980
-75
9661
427
4476
293
***************
***************
12763
-35
9783
442
4437
317
***************
***************
12817
-25
9763
457
4378
328
***************
***************
12687
-32
9859
465
4338
344
***************
***************
12467
89
10019
459
4296
345
***************
***************
12437
147
10137
428
4184
337
***************
***************
12706
213
10066
401
4115
306
***************
***************
12890
186
10038
364
4178
261
***************
***************
12757
283
10181
301
4217
230
***************
***************
12456
383
10285
195
4209
145
***************
***************
12202
327
10423
107
4145
51
***************
***************
12075
162
10505
39
4058
17
***************
***************
12150
50
10531
29
3988
-1
***************
***************
12118
-24
10629
20
3956
-5
***************
***************
11938
-87
10764
57
3902
20
***************
***************
12186
-206
10761
96
3827
80
***************
***************
11785
-26
10959
145
3815
92
***************
***************
11373
75
11098
117
3665
96
***************
***************
11622
221
11028
114
3518
82
***************
***************
11535
188
11138
53
3380
30
***************
***************
11743
84
11126
25
3299
-3
***************
***************
11890
45
11137
18
3303
-5
***************
***************
11724
37
11141
26
3288
4
***************
***************
11729
-16
11222
28
3270
3
***************
***************
11741
-16
11262
28
3260
21
***************
***************
11677
-72
11322
38
3288
29
***************
***************
11343
72
11424
11
3249
17
***************
***************
11259
65
11488
9
3153
5
***************
***************
11182
24
11588
13
3079
-17
***************
***************
11129
31
11634
5
2997
-8
***************
***************
11330
8
11625
-5
2932
8
***************
***************
11388
35
11646
7
2925
0
***************
***************
11182
35
11725
9
2909
14
***************
***************
11114
21
11742
12
2832
14
***************
***************
11178
19
11768
19
2819
-3
***************
***************
11030
38
11851
10
2794
1
***************
***************
11076
19
11861
4
2761
3
***************
***************
11246
13
11858
1
2770
12
***************
***************
11556
-4
11837
5
2840
15
***************
***************
11683
-24
11747
16
2981
8
***************
***************
11594
-45
11776
33
3121
27
***************
***************
11394
-94
11876
52
3225
53
***************
***************
11063
-102
12044
96
3289
86
***************
***************
10848
1
12141
130
3299
131
***************
***************
10487
110
12261
113
3255
122
***************
***************
10602
114
12228
70
3180
74
***************
***************
11055
39
12169
55
3216
57
***************
***************
11080
28
12140
70
3352
67
***************
***************
11023
-23
12212
63
3436
72
***************
***************
11092
-120
12217
112
3556
123
***************
***************
10986
-13
12273
168
3676
162
***************
***************
10666
103
12405
154
3769
163
***************
***************
10585
129
12412
117
3820
142
***************
***************
10519
93
12449
80
3881
98
***************
***************
10301
132
12620
57
3934
35
***************
***************
10172
77
12696
28
3944
14
***************
***************
10178
15
12702
34
3963
19
***************
***************
10175
-4
12734
48
4021
31
***************
***************
10031
20
12785
65
4081
43
***************
***************
9839
0
12861
67
4093
74
***************
***************
9602
-48
13008
91
4077
99
***************
***************
9348
-32
13113
133
3985
155
***************
***************
9314
11
13179
135
3915
185
***************
***************
9307
87
13225
156
3881
187
***************
***************
9238
65
13259
132
3834
159
***************
***************
9315
29
13270
130
3814
161
***************
***************
9442
24
13225
133
3835
160
***************
***************
9421
-43
13277
163
3848
184
***************
***************
9372
-6
13328
194
3878
222
***************
***************
9220
86
13372
189
3927
239
***************
***************
8985
47
13473
165
3911
217
***************
***************
8985
-12
13526
162
3910
225
***************
***************
8805
5
13583
173
3916
232
***************
***************
8481
35
13686
179
3854
222
***************
***************
8452
81
13714
194
3785
247
***************
***************
8499
101
13767
170
3742
245
***************
***************
8590
109
13766
140
3726
183
***************
***************
8513
128
13783
124
3711
106
***************
***************
8343
139
13862
82
3704
56
***************
***************
8361
93
13902
38
3660
19
***************
***************
8410
5
13899
42
3692
43
***************
***************
8191
2
13977
49
3710
51
***************
***************
7828
87
14135
53
3640
34
***************
***************
7792
44
14177
35
3540
2
***************
***************
7940
203
14160
8
3523
-12
***************
***************
7784
-21
14203
22
3481
8
***************
***************
7770
-24
14184
25
3447
3
***************
***************
7794
55
14240
43
3437
2
***************
***************
7853
95
14240
63
3413
-29
***************
***************
7806
179
14256
45
3445
17
***************
***************
7540
111
14346
25
3449
32
***************
***************
7303
34
14422
24
3389
29
***************
***************
7147
38
14477
23
3308
-7
***************
***************
7171
43
14524
18
3239
7
***************
***************
6959
29
14594
2
3169
-5
***************
***************
7059
1
14580
12
3076
14
***************
***************
7150
19
14613
23
3045
8
***************
***************
6973
58
14638
51
2998
51
***************
***************
6897
58
14679
35
2960
55
***************
***************
6817
27
14713
39
2885
63
***************
***************
6886
-40
14703
62
2859
103
***************
***************
6699
136
14741
110
2824
192
***************
***************
6501
55
14869
119
2731
194
***************
***************
6396
23
14900
122
2620
238
***************
***************
6112
116
14969
110
2501
219
***************
***************
6102
125
14965
92
2325
198
***************
***************
6418
65
14931
57
2221
129
***************
***************
6533
92
14850
47
2190
95
***************
***************
6536
82
14897
36
2157
87
***************
***************
6598
34
14872
46
2169
126
***************
***************
6442
56
14948
76
2156
137
***************
***************
6307
33
14978
73
2130
150
***************
***************
6311
62
15003
85
2053
126
***************
***************
6522
56
14936
74
2056
88
***************
***************
6619
90
14919
55
2108
74
***************
***************
6683
75
14858
30
2182
30
***************
***************
6697
65
14866
25
2270
2
***************
***************
6394
57
14990
20
2340
-20
***************
***************
6164
34
15016
-4
2318
-8
***************
***************
6143
91
15018
4
2328
-7
***************
***************
6155
100
15050
3
2332
9
***************
***************
6254
43
15009
-1
2357
16
***************
***************
6270
18
15042
9
2429
18
***************
***************
6296
0
15015
17
2496
-1
***************
***************
6163
14
15071
16
2574
4
***************
***************
5963
12
15095
24
2597
-11
***************
***************
5963
59
15097
29
2646
-5
***************
***************
5852
117
15154
25
2680
-5
***************
***************
5637
111
15226
9
2685
4
***************
***************
5482
101
15264
-7
2661
12
***************
***************
5354
59
15263
-25
2625
11
***************
***************
5436
41
15341
-2
2576
6
***************
***************
5375
12
15357
12
2579
-6
***************
***************
5331
0
15368
21
2550
-2
***************
***************
5292
54
15387
42
2535
-1
***************
***************
5203
99
15369
27
2523
-10
***************
***************
5282
70
15364
29
2515
21
***************
***************
5377
93
15335
19
2552
37
***************
***************
5261
73
15360
13
2596
26
***************
***************
5210
52
15394
20
2608
13
***************
***************
5116
48
15393
10
2648
21
***************
***************
5020
45
15472
11
2655
8
***************
***************
5049
25
15444
27
2678
22
***************
***************
4733
126
15530
-2
2725
9
***************
***************
4434
60
15672
10
2711
-29
***************
***************
4508
31
15641
8
2512
-20
***************
***************
4607
114
15611
14
2498
-7
***************
***************
4648
76
15614
2
2509
28
***************
***************
4554
78
15617
2
2497
-1
***************
***************
4347
42
15637
-1
2509
-7
***************
***************
4210
-12
15690
-3
2444
-6
***************
***************
4052
54
15737
35
2369
-14
***************
***************
3855
79
15808
13
2287
-53
***************
***************
3753
55
15857
2
2146
-70
***************
***************
3702
91
15893
7
2016
-22
***************
***************
3778
77
15839
-7
1880
17
***************
***************
3980
50
15755
3
1818
30
***************
***************
4105
7
15743
18
1794
46
***************
***************
3980
59
15784
34
1785
43
***************
***************
4005
133
15782
22
1737
37
***************
***************
4086
148
15742
20
1752
54
***************
***************
4012
69
15783
-5
1759
15
***************
***************
4085
7
15741
-11
1758
15
***************
***************
3993
43
15757
-1
1800
-2
***************
***************
3976
26
15795
14
1796
2
***************
***************
4016
49
15763
22
1821
0
***************
***************
4035
67
15800
12
1857
-6
***************
***************
4017
59
15770
2
1928
-10
***************
***************
3706
51
15858
16
1963
-2
***************
***************
3532
86
15920
16
1930
-7
***************
***************
3588
176
15878
16
1898
7
***************
***************
3576
80
15849
-15
1886
4
***************
***************
3684
-8
15844
11
1895
-3
***************
***************
3641
60
15839
31
1944
-14
***************
***************
3416
71
15940
12
1976
-17
***************
***************
3228
59
16000
22
1922
-2
***************
***************
2815
116
16118
28
1860
-17
***************
***************
2636
108
16161
16
1607
-18
***************
***************
2832
126
16087
8
1507
15
***************
***************
2924
71
16035
2
1428
27
***************
***************
3048
61
15999
13
1379
28
***************
***************
2944
53
16091
19
1347
32
***************
***************
2979
34
16018
11
1272
38
***************
***************
3132
74
16004
29
1279
49
***************
***************
3173
66
15977
15
1253
47
***************
***************
3290
79
15952
22
1268
26
***************
***************
3248
43
15939
22
1326
-4
***************
***************
3743
679
15791
69
1334
-68
***************
***************
3359
200
15927
23
1738
-130
***************
***************
2466
76
16181
-1
1592
16
***************
***************
2330
91
16187
16
1406
7
***************
***************
2677
59
16055
4
1285
38
***************
***************
2846
79
16000
27
1272
77
***************
***************
2820
74
16022
10
1281
95
***************
***************
2774
108
16073
3
1252
88
***************
***************
2798
-2
16050
11
1247
78
***************
***************
3111
46
15957
19
1278
88
***************
***************
3236
109
15899
16
1392
71
***************
***************
3314
49
15882
7
1501
31
***************
***************
3176
34
15916
20
1639
19
***************
***************
3005
119
15993
23
1720
48
***************
***************
2540
118
16068
33
1766
32
***************
***************
2444
-36
16121
18
1684
-12
***************
***************
2581
44
16065
33
1676
-15
***************
***************
2594
112
16067
21
1689
1
***************
***************
2510
32
16087
3
1711
12
***************
***************
2211
89
16157
23
1704
1
***************
***************
2080
108
16234
16
1626
-12
***************
***************
2144
102
16180
5
1542
-6
***************
***************
2319
157
16131
-2
1497
23
***************
***************
2444
78
16066
-5
1533
28
***************
***************
2538
3
16053
6
1593
34
***************
***************
2521
-4
16029
34
1668
51
***************
***************
1994
59
16183
26
1722
29
***************
***************
1707
73
16286
32
1604
-3
***************
***************
1778
102
16222
11
1505
-79
***************
***************
1893
137
16229
5
1456
-27
***************
***************
1992
96
16205
-8
1421
28
***************
***************
2087
97
16183
0
1415
92
***************
***************
2092
82
16172
6
1440
93
***************
***************
2058
51
16156
14
1486
103
***************
***************
2003
42
16147
16
1481
45
***************
***************
1882
72
16179
15
1506
-8
***************
***************
1758
114
16222
22
1477
-10
***************
***************
1831
134
16191
-2
1460
-1
***************
***************
1880
113
16123
-11
1477
7
***************
***************
1787
65
16168
-14
1499
7
***************
***************
1710
96
16161
-8
1505
4
***************
***************
1580
59
16232
-11
1513
-7
***************
***************
1704
83
16198
-3
1468
6
***************
***************
1563
94
16244
8
1481
5
***************
***************
1445
94
16274
0
1474
-18
***************
***************
1541
86
16239
-15
1416
-10
***************
***************
1675
94
16178
-3
1427
12
***************
***************
1732
103
16117
-11
1485
10
***************
***************
1678
87
16161
-21
1562
-2
***************
***************
1393
41
16212
-9
1592
-3
***************
***************
1200
12
16278
-5
1556
-16
***************
***************
1183
110
16313
2
1488
-13
***************
***************
947
159
16364
-3
1444
-38
***************
***************
894
93
16392
-14
1335
-21
***************
***************
1029
91
16323
-13
1259
6
***************
***************
1163
107
16297
-8
1233
12
***************
***************
1396
48
16231
-16
1247
19
***************
***************
1625
45
16130
-1
1340
24
***************
***************
1648
92
16110
-18
1484
25
***************
***************
1448
63
16153
-3
1609
10
***************
***************
1169
73
16212
-13
1682
-11
***************
***************
741
103
16334
-26
1678
-16
***************
***************
513
67
16443
-8
1535
-12
***************
***************
531
135
16344
61
1145
4
***************
***************
679
52
16350
-44
1301
40
***************
***************
911
82
16276
-7
1189
35
***************
***************
893
68
16256
8
1258
17
***************
***************
853
93
16277
15
1237
14
***************
***************
804
96
16282
22
1219
11
***************
***************
596
112
16348
2
1241
4
***************
***************
400
108
16366
9
1134
-3
***************
***************
446
86
16346
-7
1046
0
***************
***************
602
78
16377
-39
1021
5
***************
***************
774
25
16278
-23
1007
22
***************
***************
1082
78
16183
15
1057
4
***************
***************
1043
81
16184
1
1170
18
***************
***************
854
94
16176
-20
1282
13
***************
***************
469
117
16320
5
1267
8
***************
***************
243
107
16371
-13
1218
4
***************
***************
212
54
16403
-23
1131
10
***************
***************
379
65
16304
-39
1083
23
***************
***************
539
90
16263
-30
1072
25
***************
***************
576
81
16261
-5
1084
11
***************
***************
336
-14
16340
-30
1118
7
***************
***************
-1809
17
17036
84
749
-49
***************
***************
-1401
76
16676
22
92
-35
***************
***************
-224
145
16343
116
-90
-82
***************
***************
29
157
16349
-19
103
-85
***************
***************
418
81
16236
-22
-40
4
***************
***************
602
28
16277
10
-12
-3
***************
***************
606
36
16268
8
66
12
***************
***************
536
76
16268
8
84
5
***************
***************
365
126
16315
-2
117
-8
***************
***************
171
143
16379
16
102
-28
***************
***************
138
92
16363
14
-3
-14
***************
***************
399
47
16249
22
-40
-4
***************
***************
453
48
16246
-9
5
1
***************
***************
537
36
16239
-31
38
0
***************
***************
516
39
16276
-25
88
14
***************
***************
353
70
16320
-3
100
-15
***************
***************
484
120
16281
32
-51
-10
***************
***************
238
126
16344
45
-5
-16
***************
***************
312
101
16274
33
-57
-9
***************
***************
397
101
16238
-30
4
5
***************
***************
432
68
16284
-41
39
-1
***************
***************
422
72
16310
-28
48
-10
***************
***************
224
109
16333
13
-3
-7
***************
***************
237
117
16300
4
-88
5
***************
***************
340
74
16298
9
-97
9
***************
***************
339
64
16268
10
-88
12
***************
***************
453
88
16269
-9
-66
26
***************
***************
477
82
16260
-9
-32
11
***************
***************
292
92
16290
-10
-32
6
***************
***************
395
47
16262
3
-67
14
***************
***************
301
89
16289
4
-44
8
***************
***************
237
126
16343
11
-127
10
***************
***************
453
85
16327
-17
-134
16
***************
***************
512
77
16265
-11
-73
9
***************
***************
418
70
16265
4
-52
12
***************
***************
493
73
16300
-18
-71
15
***************
***************
401
98
16304
2
-40
19
***************
***************
294
99
16344
30
-124
10
***************
***************
345
68
16307
18
-108
11
***************
***************
304
96
16281
7
-123
18
***************
***************
384
94
16277
-6
-117
23
***************
***************
513
91
16279
-22
-98
10
***************
***************
583
63
16259
-16
-46
14
***************
***************
523
80
16275
-25
7
11
***************
***************
305
90
16327
-5
10
15
***************
***************
307
87
16323
28
-92
28
***************
***************
350
59
16324
-2
-86
18
***************
***************
360
86
16269
8
-110
21
***************
***************
368
80
16292
-8
-101
16
***************
***************
416
67
16319
-11
-94
27
***************
***************
394
70
16311
-4
-77
29
***************
***************
392
65
16325
-20
-102
24
***************
***************
584
68
16291
-30
-90
31
***************
***************
753
84
16237
-14
-53
28
***************
***************
704
66
16297
19
18
21
***************
***************
352
97
16304
11
49
20
***************
***************
210
78
16334
11
-10
12
***************
***************
53
76
16362
13
-68
4
***************
***************
131
78
16334
-13
-150
19
***************
***************
382
50
16288
-27
-177
31
***************
***************
577
92
16224
-3
-173
38
***************
***************
797
98
16225
2
-99
16
***************
***************
515
94
16226
-21
10
8
***************
***************
58
100
16422
16
-32
-5
***************
***************
-72
103
16423
31
-232
15
***************
***************
-96
77
16411
18
-325
25
***************
***************
-90
52
16413
11
-437
14
***************
***************
49
63
16410
-6
-550
16
***************
***************
288
88
16332
1
-606
4
***************
***************
411
100
16277
9
-575
16
***************
***************
441
96
16307
-8
-587
15
***************
***************
443
86
16314
11
-580
9
***************
***************
157
47
16394
1
-609
15
***************
***************
97
27
16414
-7
-745
23
***************
***************
191
83
16379
13
-834
26
***************
***************
101
95
16407
-5
-877
18
***************
***************
61
57
16412
1
-989
20
***************
***************
53
108
16426
20
-1102
16
***************
***************
-85
82
16472
14
-1218
16
***************
***************
-103
68
16489
8
-1438
26
***************
***************
-76
91
16477
3
-1587
24
***************
***************
-271
107
16571
11
-1756
24
***************
***************
-501
74
16615
19
-2014
41
***************
***************
-350
53
16547
19
-2308
44
***************
***************
9
80
16453
17
-2493
52
***************
***************
485
136
16362
16
-2630
100
***************
***************
983
75
16192
9
-2649
124
***************
***************
1333
108
16172
3
-2577
88
***************
***************
1306
125
16176
-7
-2477
57
***************
***************
1003
69
16300
-1
-2443
53
***************
***************
709
45
16385
3
-2531
43
***************
***************
718
93
16367
16
-2684
83
***************
***************
938
87
16286
18
-2759
170
***************
***************
1270
93
16187
24
-2768
222
***************
***************
1550
103
16152
27
-2735
258
***************
***************
1593
95
16182
21
-2681
216
***************
***************
1477
32
16223
10
-2708
129
***************
***************
1375
26
16272
6
-2751
48
***************
***************
1405
49
16251
13
-2821
26
***************
***************
1622
39
16142
5
-2871
25
***************
***************
1930
118
16071
-3
-2890
51
***************
***************
2081
138
16032
2
-2790
60
***************
***************
2019
103
16079
-5
-2738
71
***************
***************
1915
86
16114
8
-2711
86
***************
***************
1897
67
16157
-8
-2720
103
***************
***************
1944
97
16157
6
-2774
98
***************
***************
2135
130
16121
-6
-2787
89
***************
***************
2204
62
16094
-24
-2781
89
***************
***************
2231
34
16093
1
-2756
98
***************
***************
2259
97
16105
24
-2774
147
***************
***************
2483
135
15967
19
-2751
214
***************
***************
2657
117
15992
21
-2665
271
***************
***************
2836
92
15939
32
-2586
292
***************
***************
2539
53
16014
26
-2526
261
***************
***************
2370
16
16100
10
-2599
220
***************
***************
2579
16
16079
22
-2680
215
***************
***************
2726
30
16012
25
-2653
227
***************
***************
2713
35
16050
40
-2634
202
***************
***************
2691
46
16077
20
-2692
178
***************
***************
2745
102
16078
28
-2718
167
***************
***************
2689
92
16088
26
-2729
170
***************
***************
2810
78
16039
15
-2795
189
***************
***************
2855
70
16024
15
-2805
205
***************
***************
2878
106
15999
40
-2860
212
***************
***************
3017
104
15994
38
-2912
208
***************
***************
3192
113
15973
18
-2931
200
***************
***************
3190
110
15958
20
-2905
182
***************
***************
3252
55
15937
24
-2958
172
***************
***************
3282
33
15934
40
-2959
180
***************
***************
3097
55
15948
29
-2996
182
***************
***************
3024
43
16012
38
-3120
167
***************
***************
3151
49
15971
32
-3240
144
***************
***************
3069
109
15984
31
-3322
138
***************
***************
2845
103
16037
7
-3495
99
***************
***************
3033
57
15961
-17
-3726
94
***************
***************
3337
80
15917
-6
-3840
77
***************
***************
3368
61
15909
-13
-3940
41
***************
***************
3574
20
15822
-10
-4092
29
***************
***************
3967
39
15718
5
-4162
37
***************
***************
4296
108
15599
-5
-4142
43
***************
***************
4486
103
15543
7
-4094
51
***************
***************
4630
99
15500
-7
-4043
44
***************
***************
4458
93
15550
-6
-3979
26
***************
***************
4267
90
15624
-22
-4042
27
***************
***************
4355
42
15621
-21
-4115
16
***************
***************
4570
79
15527
-12
-4158
36
***************
***************
4879
54
15458
0
-4176
38
***************
***************
5227
52
15358
-1
-4120
69
***************
***************
5415
98
15282
28
-4013
141
***************
***************
5598
157
15227
27
-3914
298
***************
***************
5679
95
15210
2
-3791
322
***************
***************
5736
52
15196
16
-3707
175
***************
***************
5702
64
15193
8
-3582
67
***************
***************
5789
88
15166
-3
-3486
54
***************
***************
5957
46
15099
1
-3385
57
***************
***************
6118
54
15118
13
-3275
53
***************
***************
5888
41
15193
16
-3128
58
***************
***************
5652
54
15227
9
-3107
35
***************
***************
5437
65
15290
2
-3167
39
***************
***************
5271
158
15316
5
-3253
53
***************
***************
5368
137
15283
-1
-3392
93
***************
***************
5466
58
15258
1
-3475
143
***************
***************
5798
-3
15155
23
-3530
169
***************
***************
6201
-27
15063
109
-3508
185
***************
***************
5961
90
14997
90
-3468
142
***************
***************
5745
155
15011
15
-3575
104
***************
***************
5078
83
15373
-100
-3499
94
***************
***************
5965
116
15087
10
-3921
83
***************
***************
6388
109
14950
34
-3811
112
***************
***************
6450
67
14854
33
-3821
156
***************
***************
6538
83
14779
35
-3860
148
***************
***************
6747
70
14754
34
-3808
134
***************
***************
6824
72
14731
22
-3812
94
***************
***************
7047
74
14644
52
-3804
101
***************
***************
7165
113
14583
18
-3737
80
***************
***************
7220
66
14551
15
-3675
73
***************
***************
7303
49
14548
3
-3606
71
***************
***************
7260
38
14588
0
-3541
36
***************
***************
7244
32
14561
-1
-3537
33
***************
***************
7321
43
14539
14
-3521
18
***************
***************
7462
75
14431
17
-3514
35
***************
***************
7463
119
14420
12
-3456
41
***************
***************
7378
91
14435
-1
-3457
28
***************
***************
7360
69
14451
-4
-3506
22
***************
***************
7382
26
14407
-8
-3536
40
***************
***************
7391
10
14389
9
-3566
46
***************
***************
7424
17
14382
19
-3634
73
***************
***************
7630
18
14321
62
-3691
122
***************
***************
7732
90
14233
82
-3671
172
***************
***************
7533
55
14304
93
-3701
213
***************
***************
7510
24
14258
77
-3800
208
***************
***************
7655
-6
14244
89
-3905
199
***************
***************
7812
22
14137
100
-3970
207
***************
***************
7806
34
14109
125
-4009
270
***************
***************
7756
85
14135
144
-4117
287
***************
***************
7836
78
14062
128
-4243
302
***************
***************
8121
15
13948
136
-4356
311
***************
***************
8223
-18
13883
148
-4378
305
***************
***************
8204
-13
13898
157
-4438
287
***************
***************
8230
61
13841
173
-4526
292
***************
***************
8404
76
13724
173
-4622
308
***************
***************
8630
15
13644
149
-4676
317
***************
***************
8739
49
13570
164
-4694
306
***************
***************
8683
103
13552
149
-4736
290
***************
***************
8793
110
13481
123
-4836
241
***************
***************
9111
92
13330
79
-4892
198
***************
***************
9500
146
13173
68
-4883
150
***************
***************
9858
138
13013
78
-4788
124
***************
***************
10010
101
12979
58
-4666
95
***************
***************
9948
133
12958
16
-4559
48
***************
***************
9769
103
12966
-17
-4489
35
***************
***************
9608
70
12974
-14
-4502
33
***************
***************
9642
53
12953
-27
-4545
28
***************
***************
9826
59
12924
-6
-4540
18
***************
***************
10165
51
12787
-21
-4553
29
***************
***************
10536
48
12619
-3
-4444
38
***************
***************
10561
41
12584
6
-4297
45
***************
***************
10436
73
12555
9
-4214
48
***************
***************
10314
60
12593
5
-4163
46
***************
***************
10209
86
12555
-2
-4185
36
***************
***************
10358
62
12490
-21
-4205
35
***************
***************
10464
57
12427
-20
-4222
32
***************
***************
10512
50
12359
-20
-4206
27
***************
***************
10733
32
12265
-9
-4193
41
***************
***************
10730
41
12239
2
-4160
44
***************
***************
10610
85
12238
-12
-4160
39
***************
***************
10527
51
12210
-9
-4215
55
***************
***************
10531
53
12157
-11
-4268
45
***************
***************
10561
54
12099
-1
-4337
40
***************
***************
10753
41
12042
-12
-4417
60
***************
***************
10829
71
11945
6
-4428
57
***************
***************
11053
97
11809
6
-4464
64
***************
***************
11254
76
11668
3
-4459
63
***************
***************
11390
67
11591
15
-4424
55
***************
***************
11318
101
11577
2
-4411
54
***************
***************
11408
50
11508
-6
-4429
41
***************
***************
11553
38
11432
5
-4406
38
***************
***************
11468
44
11412
3
-4384
40
***************
***************
11548
76
11328
-6
-4419
38
***************
***************
11541
56
11300
-13
-4433
38
***************
***************
11652
37
11217
-14
-4467
33
***************
***************
11778
56
11121
-14
-4484
42
***************
***************
11934
92
11021
-15
-4483
36
***************
***************
12023
74
10948
-21
-4449
33
***************
***************
12205
59
10846
-14
-4429
28
***************
***************
12238
70
10795
-4
-4374
56
***************
***************
12174
48
10775
-8
-4339
31
***************
***************
12168
60
10692
-9
-4349
35
***************
***************
12121
47
10676
-6
-4367
20
***************
***************
11940
80
10652
-11
-4443
35
***************
***************
11949
30
10592
-16
-4546
37
***************
***************
12115
77
10466
-9
-4650
25
***************
***************
12305
60
10337
-11
-4710
38
***************
***************
12641
48
10194
-15
-4734
59
***************
***************
13025
44
10023
-19
-4697
49
***************
***************
13057
55
9948
9
-4548
33
***************
***************
13064
52
9930
3
-4480
36
***************
***************
13018
34
9866
-14
-4434
33
***************
***************
12805
58
9847
3
-4426
32
***************
***************
12734
41
9833
-11
-4490
46
***************
***************
13078
48
9706
-12
-4563
42
***************
***************
13289
57
9572
-8
-4488
51
***************
***************
13284
47
9495
-3
-4435
46
***************
***************
13384
34
9389
-8
-4427
45
***************
***************
13663
39
9254
-16
-4352
53
***************
***************
13850
50
9179
7
-4231
40
***************
***************
13796
18
9126
8
-4121
37
***************
***************
13664
44
9141
4
-4061
47
***************
***************
13524
51
9102
-10
-4018
39
***************
***************
13430
58
9057
-15
-4033
28
***************
***************
13319
49
9042
-7
-4076
38
***************
***************
13361
50
8978
-8
-4168
33
***************
***************
13509
42
8875
-12
-4203
50
***************
***************
13540
50
8758
-16
-4231
39
***************
***************
13704
39
8638
-18
-4270
46
***************
***************
13773
47
8592
-15
-4271
32
***************
***************
13764
60
8534
-22
-4288
38
***************
***************
13794
35
8444
-24
-4308
56
***************
***************
13990
25
8308
-29
-4343
40
***************
***************
14158
21
8197
-13
-4309
46
***************
***************
14155
27
8156
5
-4275
53
***************
***************
14087
32
8127
-14
-4258
35
***************
***************
13996
46
8091
-6
-4272
44
***************
***************
13938
50
8019
-17
-4343
26
***************
***************
13974
69
7885
-2
-4402
36
***************
***************
14038
46
7832
-13
-4477
38
***************
***************
14137
34
7684
-19
-4527
33
***************
***************
14118
44
7647
-5
-4577
45
***************
***************
14143
51
7627
-7
-4641
30
***************
***************
14153
47
7541
-17
-4715
29
***************
***************
14159
45
7426
-21
-4816
37
***************
***************
14405
36
7260
-19
-4872
44
***************
***************
14852
56
7024
-20
-4881
72
***************
***************
15076
61
6884
-25
-4782
72
***************
***************
15227
27
6849
-14
-4687
72
***************
***************
15037
57
6766
-53
-4707
42
***************
***************
14908
33
6706
-5
-4554
48
***************
***************
14840
41
6672
-26
-4558
31
***************
***************
15141
39
6531
-27
-4568
37
***************
***************
15635
48
6288
32
-4429
46
***************
***************
15817
44
6122
8
-4242
44
***************
***************
15899
60
6065
-2
-4050
44
***************
***************
15731
42
6030
-3
-3872
35
***************
***************
15443
15
6071
-1
-3759
25
***************
***************
15069
68
6131
-10
-3733
21
***************
***************
14976
55
6121
-9
-3795
30
***************
***************
15207
44
5994
-19
-3841
53
***************
***************
15524
45
5812
-25
-3803
36
***************
***************
15791
46
5618
-26
-3701
40
***************
***************
15912
53
5526
-10
-3560
44
***************
***************
15603
53
5579
-7
-3435
43
***************
***************
15512
66
5568
4
-3415
29
***************
***************
15709
31
5427
-7
-3382
30
***************
***************
15802
32
5358
-16
-3289
34
***************
***************
15736
47
5285
-8
-3207
21
***************
***************
15588
44
5285
-7
-3148
20
***************
***************
15198
51
5342
7
-3144
34
***************
***************
15216
39
5287
-4
-3267
45
***************
***************
15052
44
5294
-18
-3325
34
***************
***************
15058
63
5227
1
-3453
32
***************
***************
15428
29
5037
-22
-3547
50
***************
***************
15882
37
4825
-29
-3533
43
***************
***************
15712
42
4819
2
-3437
31
***************
***************
15796
25
4750
-7
-3418
36
***************
***************
15642
-4
4734
-5
-3388
35
***************
***************
15508
19
4676
-4
-3424
41
***************
***************
15469
33
4647
-3
-3477
29
***************
***************
15669
10
4522
-18
-3519
33
***************
***************
15713
26
4374
-5
-3498
37
***************
***************
15505
10
4408
-8
-3516
40
***************
***************
15401
32
4395
-8
-3631
29
***************
***************
15523
44
4272
-17
-3719
33
***************
***************
15772
38
4156
-6
-3756
45
***************
***************
16223
22
3938
1
-3739
42
***************
***************
16433
25
3787
-6
-3606
41
***************
***************
16511
52
3697
-13
-3468
40
***************
***************
16589
42
3619
-17
-3343
35
***************
***************
16739
-3
3482
-22
-3194
82
***************
***************
16715
12
3488
-10
-2976
44
***************
***************
16513
13
3481
-17
-2848
44
***************
***************
16265
27
3519
-9
-2754
44
***************
***************
16134
36
3487
-17
-2738
33
***************
***************
16005
28
3444
-4
-2735
36
***************
***************
15931
37
3436
-8
-2775
40
***************
***************
15949
56
3349
-79
-2961
-5
***************
***************
15853
30
3341
4
-2800
35
***************
***************
15669
52
3364
7
-2865
19
***************
***************
15559
34
3360
-16
-3005
21
***************
***************
15498
47
3273
-9
-3152
27
***************
***************
15720
47
3124
-16
-3290
36
***************
***************
16016
35
2990
-12
-3319
27
***************
***************
16083
45
2873
-16
-3335
31
***************
***************
16374
63
2761
-19
-3322
39
***************
***************
16296
63
2704
-1
-3252
28
***************
***************
16333
58
2630
-10
-3242
56
***************
***************
16451
27
2499
-5
-3193
56
***************
***************
16501
32
2450
-10
-3132
54
***************
***************
15979
13
2531
2
-3057
43
***************
***************
15746
32
2544
-58
-3275
15
***************
***************
15890
11
2407
-19
-3306
16
***************
***************
16280
48
2238
-16
-3377
50
***************
***************
16842
6
2046
-1
-3294
59
***************
***************
16795
39
1938
56
-3118
44
***************
***************
16575
63
1941
0
-2987
25
***************
***************
16371
37
1955
-6
-2981
38
***************
***************
16224
26
1928
-2
-3009
33
***************
***************
16215
14
1860
-13
-3056
37
***************
***************
16453
29
1727
-10
-3061
47
***************
***************
16776
22
1572
-10
-2990
42
***************
***************
17010
43
1463
-15
-2865
54
***************
***************
16992
39
1422
1
-2687
50
***************
***************
16739
18
1430
-4
-2567
51
***************
***************
16418
7
1457
-2
-2515
47
***************
***************
16223
6
1464
-6
-2546
55
***************
***************
16216
49
1410
-3
-2600
33
***************
***************
16298
55
1369
-22
-2634
47
***************
***************
16349
18
1252
4
-2650
50
***************
***************
16569
15
1138
-12
-2657
53
***************
***************
16796
-40
1004
-7
-2581
65
***************
***************
16842
-93
937
7
-2458
37
***************
***************
16704
-242
895
59
-2378
50
***************
***************
16670
-111
913
99
-2317
40
***************
***************
16652
-68
825
122
-2261
56
***************
***************
16596
-53
832
132
-2230
47
***************
***************
16584
-39
765
166
-2191
56
***************
***************
16540
68
760
153
-2146
62
***************
***************
16271
-37
814
159
-2152
58
***************
***************
16179
-116
734
196
-2218
68
***************
***************
16228
-148
677
219
-2283
60
***************
***************
16281
-122
603
250
-2322
56
***************
***************
16006
130
773
255
-2328
17
***************
***************
16495
92
562
219
-2479
69
***************
***************
16947
187
393
183
-2365
64
***************
***************
16846
82
325
187
-2215
51
***************
***************
16466
-3
380
189
-2161
54
***************
***************
16310
29
350
189
-2208
52
***************
***************
16375
91
349
167
-2268
51
***************
***************
16490
32
211
139
-2257
46
***************
***************
16666
109
174
137
-2234
37
***************
***************
16782
109
61
91
-2183
30
***************
***************
17210
55
-140
106
-2069
58
***************
***************
17435
92
-275
88
-1844
47
***************
***************
17051
-2
-191
111
-1633
46
***************
***************
16606
-32
-74
118
-1580
32
***************
***************
16231
99
43
105
-1595
24
***************
***************
15966
216
109
63
-1717
42
***************
***************
16022
210
100
21
-1866
39
***************
***************
16210
88
-90
-2
-1951
41
***************
***************
16543
19
-259
-16
-1963
53
***************
***************
16697
-25
-329
-18
-1879
42
***************
***************
16737
-47
-362
-1
-1817
47
***************
***************
16122
-71
-201
3
-1838
25
***************
***************
16818
-16
-447
7
-1889
30
***************
***************
17201
60
-580
-3
-1750
32
***************
***************
17026
41
-598
-5
-1554
19
***************
***************
16534
36
-500
5
-1459
32
***************
***************
16335
-10
-463
-14
-1520
38
***************
***************
16252
0
-476
5
-1561
32
***************
***************
16198
0
-491
-1
-1629
38
***************
***************
16011
-5
-488
8
-1704
34
***************
***************
16360
30
-633
-18
-1840
43
***************
***************
16947
29
-846
1
-1776
73
***************
***************
17046
-10
-929
-8
-1592
58
***************
***************
17445
53
-1061
-17
-1493
60
***************
***************
19077
5
-1667
103
-1124
127
***************
***************
18471
-71
-1412
-8
-329
45
***************
***************
17019
-9
-997
-16
-25
1
***************
***************
16480
23
-784
-21
-133
34
***************
***************
16353
-8
-758
-6
-161
38
***************
***************
16452
3
-849
-3
-194
52
***************
***************
16578
-3
-848
-18
-192
42
***************
***************
16619
-14
-851
-11
-159
39
***************
***************
16606
-21
-882
-3
-83
23
***************
***************
16476
-4
-788
11
-52
20
***************
***************
16306
-2
-779
-10
-104
30
***************
***************
16263
-2
-765
-9
-176
38
***************
***************
16374
-6
-798
-29
-238
54
***************
***************
16412
-16
-810
-24
-231
54
***************
***************
16506
-25
-834
-44
-227
35
***************
***************
16526
-28
-826
-11
-197
48
***************
***************
16537
-8
-875
-17
-201
33
***************
***************
16394
73
-859
50
-199
96
***************
***************
16414
10
-827
30
-239
102
***************
***************
16321
28
-839
67
-233
122
***************
***************
16243
31
-791
126
-298
210
***************
***************
16239
48
-780
171
-390
234
***************
***************
16189
32
-774
223
-511
325
***************
***************
16308
-23
-921
170
-562
318
***************
***************
16447
49
-772
-111
-231
371
***************
***************
16584
-42
-917
73
-412
422
***************
***************
16947
-146
-1067
16
-345
328
***************
***************
16990
-227
-988
45
-164
205
***************
***************
16786
-191
-1010
37
-120
81
***************
***************
16555
-108
-978
-9
-67
3
***************
***************
16364
-28
-895
-16
-79
-4
***************
***************
16412
-50
-895
-15
-122
13
***************
***************
16416
-51
-894
-11
-138
12
***************
***************
16317
-131
-834
87
-69
57
***************
***************
16613
-91
-1009
97
-200
-14
***************
***************
16550
-95
-991
62
-102
22
***************
***************
16444
-94
-952
24
-75
45
***************
***************
16574
-81
-970
-3
-59
28
***************
***************
16549
-69
-911
-38
-35
23
***************
***************
16526
-54
-960
-21
-39
11
***************
***************
16423
-32
-918
3
-21
21
***************
***************
16435
-54
-977
-12
-39
27
***************
***************
16411
-69
-945
-10
-66
31
***************
***************
16494
-41
-967
-15
-48
21
***************
***************
16534
-74
-920
-5
-33
30
***************
***************
16489
-62
-908
0
-17
16
***************
***************
16391
-59
-873
4
-27
34
***************
***************
16443
-57
-909
-4
-45
29
***************
***************
16416
-71
-907
5
-45
31
***************
***************
16435
-53
-920
-21
-66
33
***************
***************
16560
-77
-965
-11
-77
25
***************
***************
16475
-64
-965
-2
-55
29
***************
***************
16514
-29
-995
-7
-51
19
***************
***************
16490
-41
-962
-6
-20
8
***************
***************
16406
-40
-956
-5
-25
19
***************
***************
16445
-52
-952
-4
-45
24
***************
***************
16454
-57
-926
-6
-62
50
***************
***************
16242
-312
-880
75
30
137
***************
***************
16458
32
-905
116
8
222
***************
***************
16721
42
-986
11
-51
90
***************
***************
16530
-55
-932
7
-11
20
***************
***************
16535
-75
-948
5
-10
11
***************
***************
16417
-57
-922
-18
-19
28
***************
***************
16445
-55
-907
-9
-35
23
***************
***************
16383
-48
-910
-5
-31
9
***************
***************
16452
-40
-928
-19
-69
23
***************
***************
16484
-62
-929
-15
-52
19
***************
***************
16477
-59
-954
-2
-39
36
***************
***************
16498
-52
-969
-10
-41
34
***************
***************
16435
-39
-895
-11
-18
40
***************
***************
16426
-59
-881
3
-51
35
***************
***************
16420
-78
-913
-11
-61
47
***************
***************
16431
-171
-924
-8
-75
57
***************
***************
16344
-119
-919
91
10
128
***************
***************
16527
58
-956
51
-29
117
***************
***************
16524
-17
-962
18
-58
39
***************
***************
16504
-61
-956
8
-48
42
***************
***************
16486
-55
-949
-19
-51
34
***************
***************
16495
-65
-958
-3
-38
28
***************
***************
16490
-65
-930
-12
-28
24
***************
***************
16493
-77
-928
-2
-13
33
***************
***************
16479
-96
-939
-8
-21
52
***************
***************
16438
-66
-940
-11
-21
30
***************
***************
16399
-77
-928
-8
-22
31
***************
***************
16505
-101
-938
-6
-28
19
***************
***************
16194
-72
-837
0
3
20
***************
***************
16629
-106
-968
-8
-109
47
***************
***************
16505
-88
-951
6
-3
36
***************
***************
16543
-65
-968
-8
-10
38
***************
***************
16287
-70
-866
11
-19
31
***************
***************
16548
-91
-976
-8
-47
26
***************
***************
16418
-62
-927
-1
-3
31
***************
***************
16388
-81
-895
-3
-51
29
***************
***************
16529
-102
-989
-27
-55
35
***************
***************
16469
-82
-937
-18
-14
22
***************
***************
16404
-76
-912
-10
-23
18
***************
***************
16469
-82
-899
3
-45
30
***************
***************
16458
-66
-934
-2
-33
33
***************
***************
16433
-74
-956
8
-27
27
***************
***************
16455
-66
-974
-5
-40
30
***************
***************
16436
-76
-943
-5
-20
32
***************
***************
16418
-48
-949
-4
-40
19
***************
***************
16439
-69
-953
-14
-50
40
***************
***************
16406
-68
-958
-11
-39
24
***************
***************
16419
-74
-902
15
-76
29
***************
***************
16527
-60
-953
-15
-65
52
***************
***************
16454
-81
-953
-7
-44
36
***************
***************
16498
-69
-966
-7
-43
37
***************
***************
16479
-89
-941
5
-47
34
***************
***************
16457
-81
-965
-5
-44
24
***************
***************
16437
-66
-940
-1
-30
16
***************
***************
16476
-58
-961
-7
-44
15
***************
***************
16440
-64
-943
-9
-39
34
***************
***************
16469
-64
-933
-2
-54
29
***************
***************
16428
-60
-907
-7
-47
26
***************
***************
16443
-71
-901
1
-54
40
***************
***************
16378
-73
-926
1
-85
39
***************
***************
16521
-96
-976
-14
-76
37
***************
***************
16515
-90
-967
4
-51
25
***************
***************
16451
-69
-935
-14
-55
39
***************
***************
16467
-71
-942
-17
-47
27
***************
***************
16507
-81
-966
-15
-53
16
***************
***************
16513
-77
-976
-2
-38
17
***************
***************
16447
-65
-941
-6
-21
21
***************
***************
16424
-83
-961
-11
-21
35
***************
***************
16495
-79
-969
-1
-38
35
***************
***************
16358
-66
-928
0
-49
15
***************
***************
16461
-92
-934
-10
-73
28
***************
***************
16472
-78
-987
-6
-62
27
***************
***************
16505
-73
-929
-6
-53
36
***************
***************
16464
-82
-959
-2
-39
38
***************
***************
16526
-92
-943
-10
-45
38
***************
***************
16405
-67
-952
-8
-19
17
***************
***************
16393
-62
-934
1
-46
19
***************
***************
16429
-81
-966
-1
-55
36
***************
***************
16447
-67
-957
-12
-69
26
***************
***************
16504
-59
-972
-1
-69
27
***************
***************
16522
-67
-940
-9
-27
15
***************
***************
16467
-75
-921
-5
-27
4
***************
***************
16506
-68
-973
-14
-26
36
***************
***************
16428
-66
-912
-7
-8
17
***************
***************
16411
-73
-940
-2
-46
16
***************
***************
16452
-69
-1000
-10
-55
23
***************
***************
16438
-95
-987
3
-38
31
***************
***************
16440
-93
-996
-1
-51
26
***************
***************
16492
-78
-938
-18
-46
27
***************
***************
16467
-96
-942
-6
-32
20
***************
***************
16470
-68
-924
-1
-18
24
***************
***************
16474
-70
-940
-7
-19
18
***************
***************
16419
-64
-958
-4
-11
16
***************
***************
16442
-57
-938
-5
-16
17
***************
***************
16419
-76
-971
-2
-31
31
***************
***************
16442
-75
-963
-5
-47
37
***************
***************
16420
-89
-951
-4
-37
31
***************
***************
16495
-86
-931
-20
-60
15
***************
***************
16518
-102
-963
-9
-23
26
***************
***************
16471
-85
-955
3
-29
20
***************
***************
16503
-75
-983
-8
-19
22
***************
***************
16453
-67
-944
6
-20
20
***************
***************
16427
-69
-900
5
-29
31
***************
***************
16423
-74
-958
-10
-62
28
***************
***************
16515
-92
-961
-13
-54
22
***************
***************
16500
-75
-895
5
-42
22
***************
***************
16465
-87
-923
0
-45
23
***************
***************
16507
-94
-961
-8
-23
24
***************
***************
16437
-80
-949
2
-9
12
***************
***************
16394
-77
-945
-9
-60
33
***************
***************
16365
-77
-919
-10
-78
28
***************
***************
16456
-67
-978
-3
-115
33
***************
***************
16612
-78
-1005
-8
-77
41
***************
***************
16438
-73
-949
-6
-48
20
***************
***************
16498
-81
-956
-9
-55
25
***************
***************
16454
-81
-949
8
-29
20
***************
***************
16396
-60
-970
-2
-27
19
***************
***************
16433
-75
-931
-17
-54
19
***************
***************
16510
-83
-960
-13
-53
25
***************
***************
16519
-84
-949
-5
-36
38
***************
***************
16458
-90
-920
0
-23
28
***************
***************
16444
-64
-952
-3
-22
16
***************
***************
16470
-93
-942
-11
-65
32
***************
***************
16471
-103
-934
0
-40
26
***************
***************
16513
-100
-944
-16
-49
26
***************
***************
16442
-98
-912
-6
-37
19
***************
***************
16468
-82
-919
-1
-49
22
***************
