***************
2032
14
-16603
112
343
1188
***************
***************
2091
22
-16800
-98
746
1106
***************
***************
2215
22
-16796
-212
1728
1363
***************
***************
2455
169
-16535
-541
2291
2504
***************
***************
1589
351
-16757
-2280
2644
3281
***************
***************
5223
1485
-15241
-2377
2236
4365
***************
***************
780
257
-15889
-7817
-4109
9115
***************
***************
823
1206
-17464
-5150
-1519
3244
***************
***************
2211
1299
-16689
-2280
-969
2094
***************
***************
2264
-49
-16618
-2081
-1506
324
***************
***************
1967
409
-16522
-1127
-767
-1161
***************
***************
3027
330
-15571
-227
-74
-1532
***************
***************
3891
1886
-17705
9022
3100
-6397
***************
***************
290
-1532
-17947
358
-4008
-1007
***************
***************
-257
-88
-17970
-676
-2104
225
***************
***************
-226
-383
-17684
-734
-104
-470
***************
***************
786
279
-16785
-346
508
-538
***************
***************
2247
589
-16270
-376
-616
-670
***************
***************
1579
-1550
-16254
-1009
-1518
-2102
***************
***************
1519
1458
-16103
-2520
-3008
-1709
***************
***************
1155
-128
-16912
-2819
-3424
-167
***************
***************
1341
-1297
-17056
-2169
-3067
-1216
***************
***************
813
-976
-17222
-887
-1954
-1968
***************
***************
513
-10
-16988
-545
-1404
-960
***************
***************
605
116
-16793
-296
-721
-384
***************
***************
510
196
-16659
-356
-470
56
***************
***************
972
464
-16947
-311
-622
312
***************
***************
938
405
-16386
80
-1537
1965
***************
***************
727
391
-16765
-274
-1510
1496
***************
***************
412
152
-16879
-376
-158
1018
***************
***************
458
256
-17103
-39
472
324
***************
***************
357
72
-17032
92
1083
-101
***************
***************
316
6
-16728
473
1667
-233
***************
***************
279
16
-16726
117
978
-471
***************
***************
387
101
-16733
181
1292
-738
***************
***************
596
139
-16418
199
672
-858
***************
***************
706
203
-16328
-137
-239
-820
***************
***************
602
180
-16455
-498
-1138
-465
***************
***************
480
222
-16489
-721
-1572
-532
***************
***************
332
301
-16473
-1143
-2730
-515
***************
***************
-69
489
-16896
-1216
-2979
-102
***************
***************
-267
608
-16882
-1064
-2255
626
***************
***************
-209
513
-16918
-1183
-2388
1044
***************
***************
-149
790
-16841
-954
-1605
1173
***************
***************
-21
-85
-16841
-800
-1387
954
***************
***************
-27
-253
-16712
-590
-1066
201
***************
***************
335
-381
-16503
-514
-738
93
***************
***************
-113
400
-16575
-588
-911
634
***************
***************
443
343
-16539
-907
-1101
1313
***************
***************
97
308
-16773
-857
-1406
334
***************
***************
-17
342
-17178
-702
-1185
264
***************
***************
-48
279
-17426
-540
571
638
***************
***************
-36
335
-17233
-198
1593
-192
***************
***************
303
308
-16774
-12
2562
-653
***************
***************
60
287
-16692
-158
2540
-1431
***************
***************
-961
228
-16853
-237
2320
-2180
***************
***************
-5734
1154
-17454
-33
3867
-4445
***************
***************
2014
524
-15695
-23
3385
-4553
***************
***************
-851
204
-16089
-410
171
-3743
***************
***************
1819
322
-16507
-473
-1845
-7549
***************
***************
1098
702
-17444
-481
-749
-6337
***************
***************
845
889
-17663
-439
1419
-4222
***************
***************
597
744
-17203
-256
3279
-2479
***************
***************
312
546
-16725
-270
3796
-1871
***************
***************
180
440
-16468
-402
3338
-1798
***************
***************
118
374
-16457
-508
2302
-1987
***************
***************
206
445
-16608
-491
1478
-1961
***************
***************
187
496
-16776
-462
882
-1782
***************
***************
172
518
-16796
-419
731
-1556
***************
***************
204
534
-16743
-425
555
-1259
***************
***************
121
523
-16676
-431
299
-1053
***************
***************
92
482
-16626
-471
-113
-1031
***************
***************
38
480
-16602
-471
-294
-1058
***************
***************
11
476
-16675
-478
-315
-1041
***************
***************
-54
477
-16770
-453
-39
-1035
***************
***************
-67
485
-16859
-504
325
-1001
***************
***************
-66
496
-16938
-500
949
-963
***************
***************
-59
486
-16873
-406
1610
-900
***************
***************
-48
469
-16838
-339
1942
-884
***************
***************
-61
471
-16810
-296
2326
-878
***************
***************
-96
450
-16832
-220
2692
-1103
***************
***************
-126
425
-16766
-160
2917
-1386
***************
***************
-7
416
-16692
-178
2735
-1752
***************
***************
132
460
-16726
-171
2743
-1700
***************
***************
266
504
-16747
-262
2595
-1487
***************
***************
307
535
-16900
-286
2737
-1223
***************
***************
300
522
-16945
-182
3029
-1011
***************
***************
294
480
-16844
-116
3368
-1046
***************
***************
334
482
-16686
-114
3736
-1060
***************
***************
324
460
-16551
-175
3312
-1119
***************
***************
375
459
-16516
-252
2591
-1213
***************
***************
439
459
-16596
-327
1914
-1202
***************
***************
464
486
-16737
-338
1538
-1074
***************
***************
496
492
-16820
-330
1564
-960
***************
***************
474
465
-16867
-307
1798
-859
***************
***************
449
473
-16829
-263
2275
-929
***************
***************
542
449
-16753
-287
2587
-949
***************
***************
519
405
-16642
-261
2545
-946
***************
***************
539
390
-16585
-319
2302
-1080
***************
***************
504
385
-16670
-437
2020
-1203
***************
***************
580
413
-16815
-433
2034
-1366
***************
***************
601
429
-16847
-369
2274
-1387
***************
***************
766
515
-16789
-334
2192
-1426
***************
***************
785
495
-16759
-312
2322
-1114
***************
***************
728
474
-16578
-374
2158
-1079
***************
***************
691
425
-16610
-490
1816
-1192
***************
***************
678
427
-16568
-519
1536
-1530
***************
***************
786
441
-16540
-452
1279
-1605
***************
***************
718
422
-16712
-374
1103
-1514
***************
***************
741
495
-16797
-290
1309
-1482
***************
***************
850
516
-16869
-225
1475
-1354
***************
***************
899
579
-17005
-108
1770
-1070
***************
***************
924
538
-16949
49
2049
-883
***************
***************
937
572
-16882
21
2035
-767
***************
***************
1016
831
-16864
-8
2018
-635
***************
***************
1431
2643
-16542
9
2128
271
***************
***************
826
8106
-15851
-505
1155
1360
***************
***************
915
9558
-16265
-1340
-609
-45
***************
***************
1089
9944
-16781
-1581
-189
-1145
***************
***************
967
12471
-17065
-1343
997
-1852
***************
***************
873
13828
-17230
-706
3728
-2146
***************
***************
846
14009
-17054
-200
5433
-2857
***************
***************
1322
13430
-16613
-196
5879
-3394
***************
***************
722
12319
-16793
41
5934
-4969
***************
***************
801
9477
-16590
956
6019
-5409
***************
***************
2843
5652
-16202
427
4460
-4596
***************
***************
1996
6586
-15633
-41
1370
-915
***************
***************
1670
4912
-15608
55
2060
-1365
***************
***************
1281
2417
-16449
-3
688
-1137
***************
***************
1916
-2239
-16868
-2181
-4229
197
***************
***************
1319
-6685
-16829
-3350
-6057
-137
***************
***************
1479
-8835
-16616
406
-1216
-787
***************
***************
1240
-12437
-16580
-1576
-2699
-644
***************
***************
882
-14326
-17402
-1405
-3261
-137
***************
***************
1086
-14590
-17535
-668
-2947
141
***************
***************
580
-14521
-17746
-1400
-3356
-676
***************
***************
950
-12864
-17217
328
-468
-674
***************
***************
609
-9625
-16784
-66
-302
-667
***************
***************
778
-9574
-17057
-385
-388
-455
***************
***************
723
-5521
-16716
89
407
-515
***************
***************
718
-1567
-16405
192
684
-672
***************
***************
698
-477
-16875
-193
765
-831
***************
***************
585
-1
-17261
-119
1572
-969
***************
***************
561
533
-17116
-148
2305
-1012
***************
***************
525
955
-16959
-151
2655
-969
***************
***************
546
1344
-16733
-163
2658
-833
***************
***************
723
1421
-16697
-227
2148
-646
***************
***************
807
1061
-16796
-370
1904
-514
***************
***************
801
819
-16842
-464
1865
-497
***************
***************
798
703
-16786
-386
1771
-495
***************
***************
809
668
-16644
-351
1568
-482
***************
***************
820
664
-16581
-400
1193
-483
***************
***************
816
597
-16542
-457
867
-498
***************
***************
817
600
-16628
-470
563
-499
***************
***************
815
587
-16667
-535
391
-486
***************
***************
806
578
-16720
-559
315
-496
***************
***************
776
617
-16726
-563
368
-496
***************
***************
792
543
-16732
-462
567
-515
***************
***************
770
661
-16806
-339
709
-507
***************
***************
791
625
-16762
-262
1017
-518
***************
***************
760
628
-16732
-272
1048
-532
***************
***************
731
665
-16800
-258
1332
-538
***************
***************
761
645
-16804
-322
1514
-531
***************
***************
777
635
-16681
-371
1546
-545
***************
***************
815
644
-16543
-378
1413
-535
***************
***************
769
617
-16759
-491
1019
-551
***************
***************
798
617
-16839
-475
1066
-570
***************
***************
786
673
-16774
-645
1004
-554
***************
***************
767
654
-16766
-762
899
-559
***************
***************
752
705
-16699
-726
859
-556
***************
***************
716
726
-16623
-621
839
-566
***************
***************
716
722
-16592
-517
712
-565
***************
***************
691
687
-16526
-420
532
-576
***************
***************
694
687
-16524
-372
204
-560
***************
***************
710
689
-16692
-381
-7
-550
***************
***************
691
703
-16821
-388
-62
-532
***************
***************
676
666
-16823
-380
72
-526
***************
***************
657
670
-16793
-373
211
-535
***************
***************
673
656
-16861
-353
413
-537
***************
***************
657
671
-16813
-324
589
-546
***************
***************
659
672
-16823
-376
779
-541
***************
***************
622
678
-16849
-445
985
-543
***************
***************
623
708
-16782
-431
1054
-543
***************
***************
644
757
-16877
-348
1008
-541
***************
***************
683
797
-17053
-356
983
-533
***************
***************
720
866
-17306
-496
973
-498
***************
***************
1147
4950
-16636
-772
717
-408
***************
***************
437
17967
-14835
-214
-611
-427
***************
***************
213
15241
-16306
-1099
-498
-690
***************
***************
143
14637
-16764
-227
1614
-777
***************
***************
-97
14767
-16323
2190
6430
-1060
***************
***************
799
12007
-16840
1563
5752
-894
***************
***************
292
11162
-17009
327
3003
-933
***************
***************
967
10557
-16897
-987
4418
-1234
***************
***************
1075
6629
-16563
-2439
2438
-978
***************
***************
1038
2416
-15815
-1946
1398
-1625
***************
***************
739
-4236
-15723
-3501
-1577
-1061
***************
***************
908
-8531
-16447
10
209
-1846
***************
***************
1662
-13132
-16646
-143
-1028
-1215
***************
***************
1212
-13056
-17079
322
-1988
-1416
***************
***************
948
-14513
-18008
365
-299
-1659
***************
***************
1570
-15678
-18098
-87
-40
-1485
***************
***************
1327
-14210
-17673
556
195
-2012
***************
***************
1372
-12862
-17179
1171
537
-2090
***************
***************
1320
-7693
-16445
1408
279
-2180
***************
***************
1005
-2036
-16050
1261
-336
-2489
***************
***************
669
-242
-16811
409
-208
-2553
***************
***************
417
597
-17367
44
744
-2521
***************
***************
303
1120
-17326
-219
1594
-2425
***************
***************
167
1609
-17079
-324
2018
-2295
***************
***************
89
2017
-16902
-348
2193
-2076
***************
***************
53
2322
-16784
-390
2115
-1760
***************
***************
40
2544
-16646
-449
1918
-1391
***************
***************
82
2539
-16680
-533
1603
-995
***************
***************
366
1706
-16728
-596
1389
-607
***************
***************
626
946
-16678
-566
1197
-523
***************
***************
615
748
-16665
-519
954
-539
***************
***************
635
673
-16609
-449
763
-533
***************
***************
618
654
-16637
-393
578
-543
***************
***************
688
685
-16715
-407
542
-547
***************
***************
587
596
-16892
-481
612
-540
***************
***************
658
667
-16777
-505
941
-536
***************
***************
623
592
-16771
-369
1282
-531
***************
***************
661
667
-16695
-242
1518
-539
***************
***************
679
664
-16750
-262
1598
-548
***************
***************
684
642
-16804
-271
1652
-540
***************
***************
747
642
-16693
-293
1720
-539
***************
***************
756
657
-16693
-291
1504
-549
***************
***************
792
678
-16724
-342
1229
-558
***************
***************
823
664
-16661
-395
1074
-554
***************
***************
809
702
-16739
-414
905
-561
***************
***************
763
752
-16658
-402
880
-554
***************
***************
694
741
-16747
-421
872
-551
***************
***************
711
740
-16722
-442
855
-550
***************
***************
707
746
-16754
-452
942
-556
***************
***************
728
730
-16727
-387
1060
-549
***************
***************
710
694
-16703
-330
1123
-546
***************
***************
653
697
-16744
-306
1113
-547
***************
***************
691
679
-16664
-272
1091
-541
***************
***************
676
667
-16661
-225
966
-549
***************
***************
693
668
-16687
-251
876
-560
***************
***************
698
629
-16746
-350
862
-562
***************
***************
709
521
-16786
-420
852
-566
***************
***************
729
205
-16841
-465
945
-636
***************
***************
931
-539
-16840
-397
1054
-802
***************
***************
1002
-1047
-16867
-248
1129
-1209
***************
***************
888
-723
-16763
-135
1161
-1542
***************
***************
808
-377
-16604
-64
984
-1770
***************
***************
685
-211
-16559
-60
682
-1952
***************
***************
565
-151
-16525
-135
360
-2130
***************
***************
489
-256
-16517
-236
-127
-2297
***************
***************
423
-395
-16624
-299
-471
-2475
***************
***************
337
-524
-16743
-233
-586
-2695
***************
***************
295
-593
-16965
-156
-418
-2902
***************
***************
271
-672
-17214
-140
15
-3133
***************
***************
401
-609
-17171
-252
435
-3349
***************
***************
560
-349
-17001
-426
554
-3575
***************
***************
653
158
-16754
-471
400
-3741
***************
***************
674
785
-16539
-355
-72
-3772
***************
***************
620
1703
-16954
-100
5
-3663
***************
***************
619
4556
-17166
505
1133
-3314
***************
***************
-71
21703
-15199
1108
1068
-2669
***************
***************
183
24062
-16915
49
2640
-2731
***************
***************
250
24068
-17435
526
7797
-2536
***************
***************
266
21807
-16434
-130
8685
-2508
***************
***************
879
13927
-15988
-158
6642
-2540
***************
***************
846
8082
-14702
-908
3132
-2566
***************
***************
508
3746
-15184
-855
3129
-3138
***************
***************
468
-1617
-16235
-275
1854
-3286
***************
***************
1290
-4735
-16751
-2749
-2905
-2973
***************
***************
2140
-6514
-16873
-1932
-2373
-2858
***************
***************
1081
-12560
-17786
-1618
-3896
-2761
***************
***************
766
-13103
-17325
-493
-3611
-2498
***************
***************
1389
-14597
-16735
630
-1583
-2407
***************
***************
1213
-16110
-17013
940
-2399
-1413
***************
***************
729
-14204
-17177
1584
-2192
-1828
***************
***************
295
-9690
-16808
1392
-1747
-1098
***************
***************
-114
-2908
-16414
1295
-398
-771
***************
***************
-346
466
-16519
1002
413
-459
***************
***************
-127
346
-17472
512
1118
-357
***************
***************
-90
449
-17567
328
1892
-336
***************
***************
38
503
-17043
189
2408
-339
***************
***************
31
574
-16737
158
2381
-313
***************
***************
70
610
-16822
205
2130
-266
***************
***************
180
584
-16860
260
1992
-246
***************
***************
349
479
-16994
149
1725
-229
***************
***************
509
420
-17021
-100
1438
-245
***************
***************
732
415
-16834
-235
1272
-295
***************
***************
675
433
-16728
-216
1139
-352
***************
***************
426
487
-16636
-87
1095
-364
***************
***************
320
488
-16644
-24
1082
-348
***************
***************
297
527
-16723
-78
1026
-329
***************
***************
294
469
-16858
-203
1068
-336
***************
***************
405
429
-16979
-297
1214
-340
***************
***************
499
387
-17242
-441
1372
-356
***************
***************
608
388
-16899
-1270
1979
-421
***************
***************
410
503
-16807
-836
1618
-433
***************
***************
250
588
-16478
-931
1345
-455
***************
***************
329
512
-16711
-771
1145
-433
***************
***************
364
508
-16749
-608
1136
-413
***************
***************
588
405
-16875
-640
1140
-407
***************
***************
708
321
-16922
-752
1268
-458
***************
***************
647
374
-16808
-820
1343
-511
***************
***************
535
416
-16736
-861
1266
-557
***************
***************
494
479
-16730
-933
1253
-572
***************
***************
466
508
-16677
-875
1156
-568
***************
***************
497
474
-16821
-1057
1052
-580
***************
***************
498
472
-16852
-1296
1008
-616
***************
***************
462
517
-16686
-1152
1013
-614
***************
***************
396
573
-16475
-880
1038
-621
***************
***************
414
567
-16772
-572
1079
-613
***************
***************
433
595
-16788
-500
1163
-610
***************
***************
446
607
-16818
-518
1125
-603
***************
***************
425
637
-16703
-722
1232
-628
***************
***************
414
671
-16553
-542
1202
-616
***************
***************
420
663
-16722
-242
1190
-616
***************
***************
440
669
-16620
-412
1237
-613
***************
***************
427
684
-16719
-276
1198
-602
***************
***************
395
674
-16654
-247
1253
-589
***************
***************
420
652
-16748
-244
1166
-561
***************
***************
452
641
-16744
-281
1128
-555
***************
***************
480
641
-16752
-216
1053
-551
***************
***************
486
632
-16799
-112
1048
-545
***************
***************
477
601
-16656
-48
1086
-550
***************
***************
928
294
-17522
-451
1069
-570
***************
***************
618
674
-15290
-1829
1264
-682
***************
***************
386
655
-17404
1490
700
-540
***************
***************
434
658
-16663
316
1398
-584
***************
***************
455
1706
-16793
349
1195
-624
***************
***************
473
9080
-16562
-2
1541
-806
***************
***************
665
8855
-16638
-593
1560
-575
***************
***************
514
5817
-16477
-565
2568
-538
***************
***************
310
4005
-16277
-316
2697
-532
***************
***************
-32
1533
-16581
-1886
1421
-131
***************
***************
310
-660
-16919
-1033
2629
52
***************
***************
443
-2690
-16910
-870
2627
167
***************
***************
141
-1701
-16912
-1436
1894
135
***************
***************
692
-3904
-16920
-2029
1644
428
***************
***************
940
6570
-16289
-2522
1556
862
***************
***************
192
-4672
-16297
-3562
433
1664
***************
***************
532
-7744
-17083
165
2221
1705
***************
***************
861
397
-16458
153
1934
482
***************
***************
191
7371
-16364
-874
1878
1224
***************
***************
285
-4847
-16473
-814
1362
5556
***************
***************
1928
-5647
-16744
687
1277
2314
***************
***************
1110
-1070
-16375
487
1288
-453
***************
***************
841
251
-16388
452
621
-515
***************
***************
802
595
-16711
450
399
-525
***************
***************
752
690
-16939
522
447
-511
***************
***************
754
710
-17108
587
634
-490
***************
***************
720
734
-17187
505
998
-458
***************
***************
707
713
-16980
398
1325
-449
***************
***************
721
713
-16799
332
1346
-455
***************
***************
715
675
-16743
268
1305
-443
***************
***************
742
647
-16631
211
1216
-459
***************
***************
710
638
-16576
159
1004
-438
***************
***************
632
676
-16605
216
908
-353
***************
***************
603
686
-16588
315
939
-240
***************
***************
623
645
-16718
289
981
-255
***************
***************
736
595
-16789
86
1033
-371
***************
***************
753
574
-16862
-142
1053
-522
***************
***************
706
581
-16814
-328
1129
-562
***************
***************
666
584
-16699
-379
1171
-582
***************
***************
652
593
-16672
-305
1259
-575
***************
***************
664
618
-16678
-215
1309
-575
***************
***************
701
601
-16724
-133
1315
-565
***************
***************
683
590
-16701
-66
1339
-559
***************
***************
706
554
-16673
-137
1218
-558
***************
***************
744
550
-16771
-277
1051
-564
***************
***************
796
573
-16747
-345
1004
-559
***************
***************
777
585
-16742
-386
933
-600
***************
