-0.000228881835938
-0.00267028808594
-0.0048828125
-0.00984191894531
-0.0148010253906
-0.0184631347656
-0.0204467773438
-0.0188446044922
-0.0171661376953
-0.0189971923828
-0.0196838378906
-0.0204467773438
-0.0240325927734
-0.0287628173828
-0.0319671630859
-0.0347900390625
-0.0363159179688
-0.0380706787109
-0.0400543212891
-0.0428771972656
-0.0455474853516
-0.0484466552734
-0.0502014160156
-0.05126953125
-0.0515747070312
-0.0516510009766
-0.0535583496094
-0.0566101074219
-0.0613403320312
-0.0679779052734
-0.0730895996094
-0.0748443603516
-0.0771331787109
-0.0817108154297
-0.0814056396484
-0.0849151611328
-0.0859069824219
-0.0869750976562
-0.0910949707031
-0.0955963134766
-0.100250244141
-0.1025390625
-0.102615356445
-0.10124206543
-0.10009765625
-0.0991058349609
-0.100173950195
-0.103530883789
-0.107803344727
-0.110092163086
-0.109481811523
-0.106735229492
-0.104293823242
-0.10383605957
-0.10383605957
-0.107040405273
-0.10986328125
-0.110549926758
-0.106201171875
-0.100936889648
-0.0946807861328
-0.0880432128906
-0.0836944580078
-0.0820922851562
-0.0827026367188
-0.076904296875
-0.0664520263672
-0.0567626953125
-0.0472259521484
-0.0395965576172
-0.0320434570312
-0.0267791748047
-0.0186157226562
-0.00396728515625
0.00808715820312
0.0191497802734
0.0275421142578
0.0326538085938
0.0382232666016
0.0491333007812
0.0598907470703
0.0756072998047
0.0949859619141
0.117568969727
0.135650634766
0.151824951172
0.168228149414
0.176849365234
0.18440246582
0.199203491211
0.224609375
0.258636474609
0.300903320312
0.337829589844
0.369720458984
0.383453369141
0.401916503906
0.415191650391
0.431518554688
0.453109741211
0.485305786133
0.545196533203
0.639038085938
0.768280029297
0.93376159668
1.12815856934
1.32164001465
1.53007507324
1.72706604004
1.90055847168
2.05696105957
2.19741821289
2.33474731445
2.48764038086
2.65815734863
2.83264160156
3.02803039551
3.23585510254
3.44909667969
3.66661071777
3.8883972168
4.111328125
4.33753967285
4.56840515137
4.80865478516
5.05271911621
5.30693054199
5.56716918945
5.83213806152
6.1026763916
6.376953125
6.650390625
6.92497253418
7.19604492188
7.46849060059
7.74398803711
8.02734375
8.31535339355
8.60893249512
8.90960693359
9.21501159668
9.52392578125
9.83779907227
10.1575469971
10.4824066162
10.8118438721
11.1499023438
11.4946746826
11.8405914307
12.1848297119
12.5255584717
12.8679656982
13.2134246826
13.5629272461
13.9157104492
14.2692565918
14.6188354492
14.9584960938
15.2840423584
15.5999755859
15.9075164795
16.2129974365
16.5235137939
16.8437957764
17.170715332
17.5114440918
17.8504943848
18.1855010986
18.5202026367
18.8513946533
19.1752624512
19.4922637939
19.7996520996
20.0993347168
20.3971862793
20.6997680664
21.0020446777
21.2986755371
21.5933227539
21.8798828125
22.1614074707
22.438583374
22.7165985107
23.0020904541
23.291015625
23.5805511475
23.8681793213
24.1529846191
24.4367980957
24.7215270996
25.0105285645
25.3100585938
25.6192779541
25.9285736084
26.2323760986
26.5315246582
26.826171875
27.1210479736
27.4201965332
27.7236938477
28.0325317383
28.3369445801
28.6305999756
28.9110565186
29.1829681396
29.4538879395
29.7306060791
30.0171661377
30.3154754639
30.6237030029
30.934753418
31.2399291992
31.5366363525
31.8319702148
32.1311950684
32.4367523193
32.748336792
33.060760498
33.3739471436
33.6824798584
33.9849090576
34.2894744873
34.600982666
34.9200439453
35.24269104
35.5670166016
35.891494751
36.2126159668
36.5277862549
36.842880249
37.1591949463
37.4829864502
37.8182983398
38.1571960449
38.4963226318
38.8359069824
39.1778564453
39.5193481445
39.8578643799
40.1918792725
40.5228424072
40.8506011963
41.1698150635
41.4837646484
41.802520752
42.1242523193
42.4453735352
42.7616119385
43.0712127686
43.3754730225
43.6772918701
43.9749908447
44.2669677734
44.5580291748
44.8376464844
45.106048584
45.3639221191
45.6156158447
45.8676147461
46.1184692383
46.3679504395
46.6166687012
46.8675231934
47.1154022217
47.3559570312
47.5908660889
47.819519043
48.0432128906
48.2663726807
48.4883117676
48.7043762207
48.9194488525
49.1326141357
49.3432617188
49.5545959473
49.771270752
49.9987030029
50.2368164062
50.4828643799
50.733795166
50.9854888916
51.2338256836
51.4764404297
51.7218017578
51.9775390625
52.2396850586
52.5109863281
52.7914428711
53.078994751
53.3704376221
53.6665344238
53.9666748047
54.267578125
54.5699310303
54.8767089844
55.1880645752
55.5003356934
55.8113861084
56.1154174805
56.4141082764
56.7102050781
57.0027160645
57.2937011719
57.5862884521
57.8798675537
58.1757354736
58.4753417969
58.773727417
59.0720367432
59.370803833
59.6648406982
59.9536132812
60.2391052246
60.5233764648
60.8065032959
61.0890960693
61.3683319092
61.6500091553
61.9330596924
62.2107696533
62.4808502197
62.7496337891
63.0152130127
63.2781982422
63.5404205322
63.8008117676
64.0636444092
64.3267822266
64.5853424072
64.8377227783
65.0848388672
65.3266143799
65.5612945557
65.7936096191
66.0223388672
66.2481689453
66.4682769775
66.6864013672
66.9018554688
67.1102142334
67.3101043701
67.5009155273
67.6782989502
67.8477478027
68.014831543
68.179397583
68.3448791504
68.5093688965
68.671875
68.8285064697
68.9853668213
69.146194458
69.3126678467
69.4858551025
69.6643829346
69.8412322998
70.0188446045
70.196762085
70.3765869141
70.5619049072
70.7523345947
70.94871521
71.1468505859
71.3487243652
71.5531921387
71.7580413818
71.9610595703
72.1613311768
72.3578643799
72.5546264648
72.7491760254
72.9425811768
73.1350708008
73.3269500732
73.5216522217
73.7197113037
73.9186859131
74.1207122803
74.3232727051
74.5275878906
74.7354888916
74.9423217773
75.133972168
75.3245544434
75.5159759521
75.7064819336
75.8979034424
76.0843658447
76.2651062012
76.4395904541
76.6033172607
76.7571258545
76.9005584717
77.0392608643
77.1761322021
77.3123168945
77.4448394775
77.5785064697
77.7127075195
77.8468322754
77.984161377
78.1211853027
78.2601165771
78.4017944336
78.5488891602
78.6986541748
78.8459014893
78.9907073975
79.1345977783
79.2791748047
79.4274902344
79.5782470703
79.7248840332
79.8667907715
79.9893951416
80.1043701172
80.2133178711
80.3185272217
80.421295166
80.5183410645
80.6159210205
80.711517334
80.8082580566
80.9094238281
81.0111999512
81.1437988281
81.2652587891
81.3725280762
81.4705657959
81.5676116943
81.6653442383
81.7608642578
81.8560028076
81.9535064697
82.0597076416
82.1742248535
82.2992706299
82.4304962158
82.5652313232
82.6937103271
82.8215789795
82.9504394531
83.0809783936
83.2109832764
83.3350372314
83.4526824951
83.5668945312
83.6838531494
83.8053894043
83.9326477051
84.0640258789
84.1864013672
84.3012237549
84.4123077393
84.5207214355
84.6286773682
84.7385406494
84.8519134521
84.9649047852
85.0798034668
85.192489624
85.3038787842
85.4165649414
85.5309295654
85.6457519531
85.7611846924
85.8731842041
85.9861755371
86.0986328125
86.2066650391
86.315536499
86.4288330078
86.5480041504
86.6694641113
86.7881774902
86.9017028809
87.0118713379
87.1137237549
87.209777832
87.3038482666
87.3989868164
87.5012207031
87.614440918
87.737197876
87.865524292
87.9935455322
88.1106567383
88.1980133057
88.2972717285
88.3879852295
88.4839630127
88.578338623
88.6713409424
88.7660217285
88.8525390625
88.9323425293
89.0102386475
89.0870666504
89.1677093506
89.2569732666
89.3547821045
89.4514465332
89.5443725586
89.6306610107
89.7132873535
89.7950744629
89.8777770996
89.9630737305
90.0202178955
90.0272369385
90.0203704834
90.0282287598
90.025177002
90.0242614746
90.029296875
90.0357055664
90.044631958
90.0524139404
90.0521850586
90.0491333008
90.0495147705
90.0524139404
90.0591278076
90.0667572021
90.0628662109
90.0624847412
90.0581359863
90.0584411621
90.061416626
90.0650787354
90.0648498535
90.0581359863
90.0507354736
90.0440216064
90.0389862061
90.0365447998
90.0341033936
90.0289916992
90.0256347656
90.0159454346
90.0057220459
90.0001525879
89.9961853027
89.9907684326
89.9877166748
89.9782562256
89.9700164795
89.9606323242
89.9517059326
89.944229126
89.9407196045
89.9412536621
89.9420166016
89.9349975586
89.9284362793
89.9200439453
89.9123382568
89.905166626
89.8992919922
89.8915100098
89.8846435547
89.8805999756
89.8819732666
89.8857116699
89.8849487305
89.8797607422
89.8683166504
89.8548126221
89.8416137695
89.8340606689
89.8348236084
89.8323822021
89.8146820068
89.7898864746
89.7565460205
89.7145843506
89.6683502197
89.6244812012
89.5796966553
89.535446167
89.4889831543
89.432144165
89.3685150146
89.3016052246
89.2261505127
89.142074585
89.0491485596
88.9394378662
88.818359375
88.684387207
88.5307312012
88.3546447754
88.1644439697
87.9637908936
87.7616882324
87.5650787354
87.3760986328
87.1897125244
86.9966125488
86.7918395996
86.5813446045
86.3701629639
86.1614990234
85.9569549561
85.7503509521
85.5404663086
85.3252410889
85.1062011719
84.8857116699
84.6728515625
84.4639587402
84.2571258545
84.0496063232
83.8379669189
83.6253356934
83.4131622314
83.2028961182
82.9912567139
82.7813720703
82.5780487061
82.3807525635
82.1880340576
81.9897460938
81.7852783203
81.5828704834
81.3819122314
81.1765289307
80.9691619873
80.7609558105
80.5477142334
80.3337097168
80.1155090332
79.8933410645
79.6697235107
79.4480895996
79.2224121094
78.9966583252
78.768081665
78.5300445557
78.2828521729
78.0294036865
77.7627563477
77.4784851074
77.1855163574
76.8849182129
76.5727233887
76.2551879883
75.9391784668
75.6268310547
75.3183746338
75.0148010254
74.7064208984
74.3924713135
74.0752410889
73.7566375732
73.4423065186
73.136138916
72.8375244141
72.5482940674
72.2654724121
71.9921875
71.7262268066
71.4679718018
71.2181091309
70.9794616699
70.7424163818
70.500793457
70.2526092529
69.9938201904
69.7286987305
69.4593811035
69.1917419434
68.927154541
68.6544036865
68.3874511719
68.0883026123
67.7975463867
67.5060272217
67.2115325928
66.921005249
66.6301727295
66.3399505615
66.0548400879
65.7744598389
65.4993438721
65.2291870117
64.9593353271
64.6907043457
64.4226074219
64.1589355469
63.8951873779
63.6277008057
63.357925415
63.0858612061
62.8086090088
62.5270080566
62.2469329834
61.9645690918
61.6746520996
61.3767242432
61.0738372803
60.7679748535
60.4538726807
60.1301574707
59.7978210449
59.4638061523
59.125213623
58.7799072266
58.4272766113
58.070526123
57.7124023438
57.3510742188
56.9821166992
56.6088867188
56.2363433838
55.8710479736
55.5150604248
55.1672363281
54.8247528076
54.4812774658
54.1345214844
53.7881469727
53.4407806396
53.1017303467
52.7738952637
52.4523925781
52.1347808838
51.8154907227
51.4946746826
51.1725616455
50.8516693115
50.5317687988
50.2143859863
49.8970031738
49.5754241943
49.2498016357
48.9189147949
48.5819244385
48.2440948486
47.9035186768
47.5633239746
47.2257995605
46.8892669678
46.551361084
46.2152099609
45.8807373047
45.5435943604
45.2053833008
44.8645782471
44.5224761963
44.1804504395
43.8410186768
43.503112793
43.1694030762
42.8383636475
42.5065612793
42.1733856201
41.8344116211
41.4875793457
41.1328125
40.7734680176
40.4122924805
40.0539398193
39.7069549561
39.3651580811
39.0268707275
38.6891937256
38.3466339111
37.9985046387
37.6560974121
37.3177337646
36.9799804688
36.6479492188
36.3251495361
36.0107421875
35.7009124756
35.3943634033
35.0866699219
34.7756958008
34.4577026367
34.1370391846
33.814239502
33.4884643555
33.162612915
32.8354644775
32.5067901611
32.1754455566
31.8466949463
31.5205383301
31.1956787109
30.8697509766
30.5384063721
30.2025604248
29.8609924316
29.5156097412
29.1664123535
28.8123321533
28.4526062012
28.0851745605
27.713470459
27.3410797119
26.9762420654
26.6186523438
26.2595367432
25.9120941162
25.5643463135
25.2158355713
24.8779296875
24.5542907715
24.245300293
23.9498901367
23.6631011963
23.3782958984
23.088760376
22.795715332
22.505569458
22.2232055664
21.9515991211
21.6895294189
21.4289855957
21.1709594727
20.9200286865
20.6753540039
20.4351806641
20.1953125
19.9460601807
19.6923828125
19.4289398193
19.1583251953
18.8887786865
18.6265563965
18.3657836914
18.1072998047
17.8460693359
17.5807952881
17.3123168945
17.0454406738
16.7771911621
16.5001678467
16.2164306641
15.9298706055
15.6446075439
15.3694915771
15.1049041748
14.8498535156
14.6061706543
14.379119873
14.1618347168
13.9517211914
13.7428283691
13.5341644287
13.3224487305
13.0965423584
12.8829193115
12.6643371582
12.4350738525
12.1945953369
11.9435882568
11.6903686523
11.4359283447
11.1824798584
10.9343719482
10.6870269775
10.4434204102
10.2044677734
9.97123718262
9.72137451172
9.46914672852
9.2115020752
8.96018981934
8.72230529785
8.4944152832
8.26698303223
8.03741455078
7.80426025391
7.5707244873
7.34260559082
7.1240234375
6.91902160645
6.72317504883
6.53129577637
6.3370513916
6.13868713379
5.93772888184
5.73554992676
5.53283691406
5.33592224121
5.14839172363
4.96696472168
4.79019165039
4.61769104004
4.44755554199
4.28039550781
4.11666870117
3.95248413086
3.78326416016
3.60908508301
3.43193054199
3.2543182373
3.06518554688
2.88475036621
2.71575927734
2.55088806152
2.38243103027
2.2093963623
2.03720092773
1.86676025391
1.70021057129
1.54235839844
1.40167236328
1.27708435059
1.15653991699
1.03485107422
0.903854370117
0.761489868164
0.612640380859
0.462875366211
0.319519042969
0.180892944336
0.0406646728516
-0.103454589844
-0.236968994141
-0.355529785156
-0.466842651367
-0.582809448242
-0.701904296875
-0.826187133789
-0.956192016602
-1.09657287598
-1.23207092285
-1.35353088379
-1.46743774414
-1.55319213867
-1.57829284668
-1.58020019531
-1.59034729004
-1.60263061523
-1.61743164062
-1.63208007812
-1.64421081543
-1.65054321289
-1.65451049805
-1.66244506836
-1.67587280273
-1.69403076172
-1.71165466309
-1.72897338867
-1.7440032959
-1.75933837891
-1.77452087402
-1.79275512695
-1.81053161621
-1.83326721191
-1.86302185059
-1.90200805664
-1.94488525391
-1.96250915527
-1.99394226074
-2.02026367188
-2.03277587891
-2.04193115234
-2.04704284668
-2.05307006836
-2.06237792969
-2.07290649414
-2.07817077637
-2.09342956543
-2.10121154785
-2.10693359375
-2.11143493652
-2.11410522461
-2.11708068848
-2.11868286133
-2.1216583252
-2.12669372559
-2.13035583496
-2.13287353516
-2.13417053223
-2.13623046875
-2.13966369629
-2.14309692383
-2.14813232422
-2.15400695801
-2.158203125
-2.16209411621
-2.16361999512
-2.16552734375
-2.16896057129
-2.1736907959
-2.17140197754
-2.17079162598
-2.17468261719
-2.17552185059
-2.17628479004
-2.177734375
-2.18040466309
-2.18276977539
-2.18803405762
-2.19200134277
-2.19497680664
-2.1981048584
-2.19947814941
-2.20336914062
-2.20802307129
-2.21374511719
-2.21298217773
-2.21519470215
-2.21961975098
-2.22328186035
-2.22717285156
-2.23007202148
-2.23220825195
-2.23320007324
-2.23480224609
-2.23640441895
-2.23808288574
-2.24021911621
-2.23999023438
-2.24830627441
-2.24853515625
-2.2492980957
-2.25074768066
-2.25433349609
-2.25456237793
-2.25845336914
-2.26264953613
-2.26371765137
-2.26547241211
-2.26890563965
-2.27142333984
-2.27348327637
-2.27653503418
-2.27806091309
-2.2811126709
-2.28492736816
-2.28790283203
-2.29370117188
-2.29866027832
-2.30201721191
-2.30529785156
-2.30888366699
-2.31224060059
-2.31452941895
-2.31788635254
-2.32086181641
-2.32498168945
-2.32856750488
-2.33268737793
-2.33917236328
-2.34497070312
-2.34886169434
-2.35305786133
-2.35664367676
-2.36068725586
-2.36358642578
-2.36518859863
-2.36679077148
-2.36968994141
-2.37342834473
-2.37899780273
-2.38372802734
-2.38777160645
-2.39074707031
-2.39418029785
-2.39562988281
-2.3991394043
-2.40333557129
-2.40859985352
-2.41386413574
-2.41592407227
-2.41798400879
-2.41996765137
-2.42057800293
-2.42408752441
-2.42828369141
-2.43118286133
-2.43507385254
-2.43858337402
-2.44102478027
-2.44239807129
-2.44384765625
-2.44468688965
-2.44590759277
-2.44827270508
-2.45185852051
-2.45468139648
-2.4592590332
-2.46101379395
-2.46322631836
-2.46467590332
-2.46620178223
-2.46841430664
-2.47314453125
-2.4772644043
-2.48046875
-2.48390197754
-2.48565673828
-2.48634338379
-2.49092102051
-2.49687194824
-2.50564575195
-2.51152038574
-2.51518249512
-2.51937866211
-2.52159118652
-2.52365112305
-2.52777099609
-2.5318145752
-2.53456115723
-2.53631591797
-2.53799438477
-2.54295349121
-2.54600524902
-2.54974365234
-2.55256652832
-2.55630493164
