109 217 16101 26 -16 8
792 216 16291 23 -17 19
809 216 16401 21 -6 27
844 212 16396 12 -26 19
19 -22 19
828 230 16076 35 -16 16
809 217 16101 26 -16 8
792 216 16291 23 -17 19
809 216 16401 21 -6 27
844 212 16396 12 -26 19
917 274 16360 -28 25 -1
892 268 16272 12 -14 3
878 252 16244 8 -13 2
871 277 16231 -9 -10 9
841 261 16232 1 -4 7
841 264 16211 10 -10 2
871 274 16220 10 -7 7
872 256 16254 10 -4 7
863 275 16265 13 -7 -4
863 262 16254 -5 -6 6
842 278 16202 7 -6 11
864 268 16206 4 -2 4
877 266 16265 3 1 8
869 263 16246 0 -16 12
872 267 16271 1 1 15
877 276 16206 4 -3 4
861 279 16222 17 -1 3
879 288 16259 8 -9 7
879 276 16253 6 12 2
873 286 16209 4 -11 12
879 261 16247 10 -2 1
876 266 16247 5 -19 7
869 269 16217 6 -12 14
870 292 16251 9 -11 1
868 270 16232 -9 -3 2
847 281 16260 4 -7 -21
855 260 16227 -1 -11 -7
852 265 16225 10 -14 2
870 255 16245 12 -16 9
851 255 16248 3 -3 11
855 260 16221 1 -5 -5
862 275 16230 11 -9 7
854 280 16206 20 -15 -6
878 268 16237 15 -10 7
880 255 16202 5 -5 3
846 274 16226 1 -13 9
880 254 16249 9 -6 0
846 261 16215 10 -11 11
880 289 16222 2 -3 11
872 260 16189 -3 -15 -2
857 261 16239 5 3 16
855 276 16249 4 -2 5
849 270 16237 30 -7 -1
852 266 16194 2 -12 14
880 260 16203 5 -6 6
850 258 16207 9 4 1
855 259 16198 -3 -15 12
857 263 16243 7 -6 7
846 261 16223 13 -9 1
861 254 16238 12 0 13
867 286 16225 1 -8 9
860 252 16253 5 -1 12
889 275 16227 10 -2 15
912 279 16194 -1 -8 9
889 295 16211 1 -15 2
850 281 16228 15 -15 2
827 254 16233 11 -4 3
835 268 16212 8 -11 5
850 251 16239 1 4 8
848 280 16239 14 -9 11
837 274 16238 -3 3 11
855 243 16248 14 -16 4
874 261 16223 20 -5 8
862 283 16231 14 -4 21
863 294 16247 13 -10 7
878 274 16219 2 -15 0
863 269 16259 -8 0 -2
875 269 16288 6 -14 7
889 289 16253 13 -5 11
883 279 16216 24 -25 0
866 268 16213 11 0 3
860 263 16205 7 -23 15
866 284 16253 -2 -3 4
860 278 16255 8 6 1
857 267 16248 7 -9 15
857 257 16236 -2 1 4
856 280 16226 12 -9 2
860 284 16207 15 -12 -4
851 280 16229 4 -13 -6
879 276 16258 8 -4 -2
860 281 16294 12 -7 14
875 306 16246 14 -22 8
893 273 16252 14 -10 -5
887 282 16202 -4 -15 10
863 259 16243 7 3 -4
840 290 16244 3 1 6
881 273 16256 2 0 1
882 262 16214 19 -7 4
857 254 16225 11 -6 3
871 244 16219 1 -16 1
875 264 16245 10 7 -1
851 288 16246 13 -8 10
879 254 16273 -4 -15 -2
859 275 16247 8 8 11
856 267 16201 4 -19 5
861 265 16217 0 -9 4
856 283 16221 5 -3 1
850 278 16211 19 -3 9
845 280 16220 1 -10 -4
861 267 16236 9 -9 9
882 252 16252 10 -9 7
883 253 16244 8 -16 -9
866 238 16241 10 -23 -1
851 242 16263 5 -16 3
844 247 16218 1 -21 8
851 284 16260 11 -7 6
830 267 16207 5 -2 12
876 240 16209 7 -18 15
855 257 16251 11 -1 4
880 273 16225 8 6 4
849 269 16258 3 -3 4
871 267 16264 6 -8 -2
865 266 16266 14 -14 -9
885 255 16227 13 -18 -5
854 261 16192 3 -23 5
855 251 16238 6 -8 13
848 267 16215 1 -9 -6
870 270 16179 4 -8 9
884 267 16248 -1 -17 4
875 266 16255 9 7 3
883 281 16244 10 -7 9
879 252 16169 -1 -8 11
872 280 16192 11 -7 10
869 272 16235 11 -15 11
882 266 16246 12 3 11
868 278 16237 8 -14 1
856 265 16266 0 -12 9
848 261 16262 4 -5 15
853 276 16241 6 0 0
857 255 16191 13 -10 16
854 272 16239 0 -9 6
844 282 16249 13 -1 5
831 269 16217 12 -11 0
840 264 16208 4 -3 3
861 296 16216 2 -5 2
874 298 16208 8 -19 16
884 275 16234 13 -12 -3
877 267 16213 16 -5 -6
870 275 16209 10 -19 5
860 262 16187 5 -17 1
848 274 16234 0 -14 6
863 271 16232 3 -20 12
863 288 16246 21 -21 8
856 276 16245 22 -16 13
849 273 16280 8 -10 6
865 281 16246 9 -8 17
837 262 16258 16 0 6
840 261 16241 12 -16 -19
863 277 16230 6 -8 6
857 282 16243 5 -9 1
860 264 16270 -8 -17 10
876 264 16228 12 -10 9
866 291 16212 17 -3 -6
888 259 16242 13 -14 -3
869 259 16232 18 -15 11
869 271 16228 17 -2 5
855 264 16218 7 -4 1
852 254 16245 9 -5 -9
861 252 16210 3 -8 8
872 284 16215 14 -12 4
867 267 16250 13 -13 14
857 277 16241 7 5 -5
875 280 16238 8 -18 9
892 269 16196 6 -6 20
875 270 16203 4 -4 -10
872 264 16212 -6 -2 -3
860 275 16230 10 -9 5
852 282 16227 7 -18 -1
857 282 16236 15 -15 6
864 241 16215 -2 -5 -5
862 259 16244 1 -16 1
856 287 16236 -3 -20 0
887 284 16247 -4 -4 13
862 270 16244 17 -13 -3
858 268 16223 6 -1 21
855 265 16232 6 3 13
876 267 16239 9 -12 -3
857 254 16231 6 -7 -2
869 270 16237 4 -9 4
861 274 16252 8 -12 0
846 272 16264 15 1 4
843 260 16270 1 -7 5
863 292 16235 19 -12 -1
861 288 16236 -3 -5 -2
866 272 16214 10 -11 11
861 272 16215 14 -10 -7
875 274 16232 15 0 -4
863 254 16221 23 -6 8
866 270 16229 2 -8 13
875 254 16254 7 -6 -3
887 249 16238 17 -7 6
898 260 16239 9 -2 14
877 263 16228 4 -7 8
880 272 16218 -3 -10 -6
884 262 16241 13 -2 13
891 282 16209 1 -8 3
889 273 16235 17 -11 -16
877 266 16214 -1 -15 6
873 280 16205 7 -6 5
877 288 16236 0 -12 11
879 291 16244 2 -15 12
874 293 16283 8 -5 18
862 261 16222 14 -5 5
868 287 16226 0 -4 -4
837 265 16187 9 -16 6
861 264 16250 11 -18 4
864 260 16245 6 -15 3
862 259 16248 10 -4 17
869 261 16258 10 -9 10
860 263 16268 12 -4 13
875 252 16240 19 -10 16
863 253 16253 -4 -13 0
863 269 16237 -8 1 10
872 262 16261 9 -8 8
867 265 16232 18 -10 1
861 287 16231 9 7 5
891 292 16244 6 -17 8
891 315 16234 2 -8 8
854 303 16250 18 -9 8
839 279 16224 5 -9 8
871 291 16221 10 6 10
862 259 16221 23 -6 -2
862 263 16260 0 -9 -2
855 282 16258 8 -2 0
875 260 16261 2 -9 2
876 246 16250 9 -15 -6
854 257 16246 -4 -5 12
880 314 16258 4 -19 14
866 309 16232 19 -12 12
879 291 16256 20 -16 -1
875 281 16245 20 -10 -3
878 268 16252 4 -2 8
885 273 16237 7 -7 -4
878 279 16212 8 3 4
865 267 16249 5 -6 2
892 276 16260 7 -2 6
857 280 16230 13 0 0
863 254 16208 20 -10 5
893 277 16228 14 -9 7
881 277 16235 4 -4 16
875 263 16263 -5 -9 1
876 300 16218 14 3 0
897 311 16215 11 -16 4
886 273 16231 -1 1 4
857 251 16207 6 -11 1
866 275 16252 1 -10 4
856 261 16248 16 -5 -4
873 244 16215 9 -3 -3
861 252 16225 11 -8 -12
832 263 16217 26 -17 11
862 275 16190 11 -6 5
871 254 16237 12 -11 12
856 273 16255 -2 2 -2
866 267 16296 6 -12 8
868 265 16246 12 -8 1
859 253 16278 13 0 1
888 282 16288 6 -10 8
880 275 16244 4 -6 9
874 269 16249 8 3 12
853 268 16239 9 -7 10
866 251 16222 14 -7 2
857 281 16207 8 -11 13
845 267 16261 9 -4 7
862 261 16243 20 -16 8
877 271 16242 9 4 20
862 311 16266 18 -9 3
856 297 16241 17 2 7
866 261 16233 13 8 17
866 289 16228 5 -3 7
874 284 16241 -6 -5 4
853 287 16251 -2 -17 21
839 291 16275 1 -16 2
850 270 16261 10 -10 9
860 276 16252 13 -7 19
856 291 16242 19 -13 7
856 301 16204 8 -14 4
845 294 16213 19 -13 10
870 248 16212 9 -16 -3
882 250 16193 10 -24 15
880 261 16225 12 -16 2
852 269 16213 3 -8 5
880 257 16196 9 0 3
895 256 16215 27 -8 8
853 255 16195 5 -4 -5
854 256 16189 21 -10 -11
862 248 16233 5 0 1
866 288 16234 -2 -5 5
868 289 16227 16 -4 1
864 271 16218 10 -17 5
873 275 16227 5 -13 -2
872 268 16257 7 8 9
850 268 16243 9 -16 18
857 257 16249 13 -5 4
845 283 16199 3 -16 -7
862 267 16248 6 -8 1
861 255 16195 11 -22 -4
873 269 16190 26 -7 9
861 281 16247 17 -2 2
869 259 16258 4 -4 10
878 264 16218 9 -4 -3
871 274 16203 -2 -19 6
872 279 16226 -2 -11 12
876 262 16229 15 -9 15
865 283 16241 5 -17 17
865 276 16229 2 0 19
873 288 16239 10 -17 5
865 284 16262 9 -8 -3
864 287 16217 10 -9 6
840 264 16216 8 7 -5
843 273 16209 16 -7 0
844 264 16226 9 5 2
848 273 16235 12 -12 15
832 279 16249 11 -12 3
834 273 16261 8 -18 5
842 281 16268 -1 0 11
832 301 16230 9 -6 3
850 295 16225 -1 -20 7
874 270 16256 8 -8 1
875 277 16196 13 -8 -16
862 276 16259 6 -11 2
847 273 16214 6 -2 1
872 279 16223 4 0 8
870 282 16260 -2 -19 5
880 291 16229 13 -12 8
884 280 16208 -3 -12 3
870 254 16212 12 0 7
848 249 16222 19 -2 -2
859 287 16230 -1 -11 0
856 265 16241 13 -4 7
874 292 16238 4 -8 -6
847 289 16252 17 -1 4
868 302 16229 5 -8 1
874 295 16207 2 0 6
848 277 16208 7 -10 1
854 269 16236 25 -18 2
863 263 16267 13 -11 1
856 279 16258 -2 -19 0
841 273 16256 13 -15 12
861 265 16227 12 -5 11
871 273 16223 26 -28 9
873 261 16240 -4 -13 5
868 264 16225 7 -1 20
859 277 16239 14 0 11
868 287 16260 -5 -13 18
877 283 16202 17 -19 5
883 292 16242 7 -3 -3
868 284 16233 10 -9 5
874 271 16228 21 -15 12
865 276 16262 19 -1 -4
859 266 16251 9 -13 -2
860 257 16234 8 -9 11
824 276 16242 2 -6 0
853 273 16239 12 2 15
847 283 16232 9 -7 14
838 270 16211 6 -5 7
853 278 16242 9 -8 9
837 281 16208 -6 2 14
847 265 16218 9 -12 3
868 269 16219 16 -5 5
876 291 16232 14 -1 4
884 285 16243 10 -4 7
860 274 16212 26 -15 7
883 266 16209 19 6 0
903 275 16196 5 -4 8
904 290 16210 9 -7 9
894 268 16232 12 -16 0
880 274 16213 6 6 22
873 271 16239 3 -6 4
841 289 16243 9 -7 -4
815 263 16211 9 -1 -2
847 265 16229 4 1 -2
838 268 16232 6 -10 -5
823 276 16225 1 -10 12
822 278 16232 5 -10 8
858 269 16210 19 3 6
853 263 16234 15 -4 5
812 288 16230 13 -10 1
849 272 16251 17 -24 15
878 279 16252 12 -25 15
894 272 16231 25 -4 5
892 280 16243 19 -15 16
878 305 16250 1 -2 9
882 300 16260 13 -13 9
873 290 16270 6 -4 11
876 288 16248 13 6 -3
882 281 16224 13 -17 5
875 295 16219 11 -7 -7
859 293 16215 14 -8 -4
871 298 16195 20 -26 10
854 280 16240 18 -7 4
852 292 16242 1 -12 0
856 248 16245 5 0 1
846 250 16221 21 -4 5
846 270 16261 4 -3 14
852 259 16203 7 -5 -2
823 269 16193 6 -6 10
845 293 16234 7 -16 15
861 284 16197 21 -18 12
862 264 16202 10 -3 12
866 261 16213 19 -11 10
865 268 16227 6 -6 3
876 281 16183 11 -17 16
872 297 16228 1 -1 6
867 295 16241 1 -8 13
885 281 16248 7 -3 3
894 273 16238 7 -5 13
890 275 16227 18 -10 4
855 288 16255 -2 -7 8
857 293 16236 18 -11 11
843 267 16245 13 -4 -7
850 265 16243 2 -7 3
840 287 16208 0 -3 9
845 309 16237 0 -11 3
848 277 16255 7 3 10
842 271 16257 14 -8 9
852 270 16245 5 -10 9
860 236 16213 3 -8 7
868 266 16215 6 1 10
855 272 16223 13 -13 3
859 271 16214 2 -11 13
853 276 16232 4 -11 -2
864 264 16222 12 -15 11
881 266 16201 13 -4 11
890 275 16214 5 -13 12
890 271 16250 7 -16 2
868 256 16266 4 -14 0
876 264 16249 4 -2 3
862 259 16245 3 -12 -3
878 247 16248 6 -20 8
869 255 16251 16 -14 -8
872 248 16201 2 -16 -2
853 274 16217 2 -1 2
864 279 16212 12 2 7
859 260 16223 -2 -12 1
842 268 16254 2 -13 -4
847 275 16205 11 4 -2
864 289 16189 -4 -20 10
875 282 16243 4 -9 7
876 267 16250 11 -8 0
859 261 16239 11 -16 8
865 255 16232 6 0 13
869 252 16230 11 5 14
860 264 16225 16 -24 7
865 284 16212 13 -6 1
875 266 16209 1 -16 19
873 272 16179 15 -22 15
850 275 16224 -3 -10 12
856 295 16213 6 -4 0
862 282 16240 6 -6 8
886 295 16253 8 -16 9
864 273 16240 16 -15 6
861 281 16256 2 -11 17
865 301 16245 10 1 11
865 265 16209 9 -2 -1
882 291 16197 4 -7 3
867 277 16217 10 -14 -6
865 272 16206 6 -6 6
851 250 16262 15 0 7
839 260 16253 8 -3 -3
852 274 16275 9 -3 10
872 263 16211 10 -10 0
875 273 16200 9 -6 4
891 276 16245 6 -23 5
864 294 16222 9 -2 11
854 281 16205 9 5 14
867 271 16230 1 -7 4
847 287 16217 4 -3 -2
858 290 16279 9 -17 -5
853 268 16270 0 0 9
859 280 16220 2 -1 4
863 265 16244 11 5 8
868 260 16239 12 -5 5
871 284 16213 20 -3 -7
874 258 16232 9 -7 2
888 255 16272 7 -6 13
887 268 16212 10 -9 10
886 275 16231 5 -15 -5
901 292 16231 6 0 -13
886 280 16241 -2 -2 12
891 296 16208 16 -2 9
872 273 16244 12 -9 11
874 285 16240 18 -15 7
838 264 16183 -3 -10 3
866 267 16205 9 -12 5
868 265 16212 13 -10 -3
854 254 16244 8 -8 0
850 247 16246 1 -1 0
841 244 16187 10 -5 5
841 224 16237 -3 -13 9
848 265 16220 2 -12 4
852 267 16210 2 5 8
841 270 16227 8 -18 5
862 271 16222 4 -14 -1
856 280 16206 3 -12 2
871 297 16213 9 -5 -2
875 290 16203 24 -16 -3
886 272 16220 20 -3 -1
888 287 16222 13 -11 5
880 268 16235 10 2 5
872 270 16203 1 5 7
874 265 16249 16 -15 0
864 268 16228 13 -10 11
864 266 16216 -2 -11 3
871 254 16262 3 -11 -1
906 280 16259 7 -12 -5
898 297 16239 8 -20 7
887 297 16252 1 -8 11
872 274 16220 6 0 -3
876 284 16219 18 -15 7
856 288 16193 4 -13 10
883 258 16208 8 -9 8
864 274 16230 6 -13 10
839 269 16229 -3 -3 3
843 269 16229 0 -16 13
889 280 16253 20 3 20
859 293 16219 14 -10 7
874 279 16265 1 -6 13
841 264 16254 14 0 2
864 271 16250 7 -11 7
859 253 16242 11 -11 10
862 271 16223 3 -3 13
862 255 16237 4 1 2
868 252 16203 7 -7 5
848 238 16261 15 -1 -10
854 249 16221 3 -5 5
847 258 16220 8 -14 10
839 275 16245 25 -15 3
869 260 16241 11 -8 7
841 265 16232 12 -7 18
880 272 16249 9 2 8
858 287 16227 6 -3 13
847 297 16220 -6 -18 1
857 286 16206 -2 -11 21
847 297 16186 13 -7 -3
857 305 16242 11 -13 -5
855 304 16249 10 -7 2
863 278 16253 2 -5 6
860 288 16237 -2 -6 -3
860 272 16216 18 2 5
870 270 16255 3 -7 6
869 266 16259 0 -6 9
875 250 16230 -3 -19 18
891 246 16256 -2 -9 11
875 247 16235 11 -7 13
908 249 16232 -2 -15 15
886 255 16228 16 -11 5
873 277 16226 15 7 16
856 278 16253 12 4 11
871 267 16293 11 -16 -3
850 260 16202 -5 -13 -2
854 262 16197 2 -10 12
849 271 16220 -3 -9 2
814 292 16216 -2 -16 -14
849 285 16227 9 5 13
845 276 16228 8 -14 7
859 291 16222 10 -16 3
827 279 16232 6 -9 11
860 274 16200 11 -15 10
879 273 16272 4 -19 15
891 259 16247 12 -16 -1
886 276 16240 6 4 -2
892 282 16218 6 -14 1
882 267 16257 -1 -22 6
870 279 16240 15 -7 2
883 251 16255 0 -10 11
900 248 16264 21 -4 0
870 264 16245 25 -8 5
858 281 16224 3 -18 6
861 268 16249 5 -8 12
853 261 16229 10 -4 6
858 262 16227 0 -18 -7
834 254 16218 6 -6 11
855 266 16198 12 -24 0
870 290 16228 -7 -6 -11
855 302 16230 11 -15 0
857 267 16231 6 -8 16
857 285 16201 9 5 10
875 293 16232 2 -2 6
856 280 16220 10 3 4
863 299 16259 8 -7 3
879 296 16230 3 -10 3
899 277 16213 12 -9 -7
874 263 16211 -1 -5 4
892 262 16276 1 -7 9
862 253 16268 9 -5 -3
863 253 16213 14 -7 -4
863 247 16270 7 0 8
882 255 16225 10 -17 5
870 273 16207 4 2 11
856 286 16201 9 -11 1
829 279 16206 5 3 -4
847 289 16192 5 1 -7
858 290 16235 4 -18 15
866 280 16199 18 -9 1
847 269 16219 5 0 9
843 283 16222 4 -14 12
850 275 16226 7 -19 3
867 253 16282 10 -22 1
861 265 16270 11 -9 4
866 274 16252 6 -9 2
885 264 16237 4 5 -3
874 261 16239 8 2 17
890 276 16273 0 -12 9
875 272 16295 23 -18 14
879 274 16220 1 -11 3
881 295 16181 7 -14 0
873 271 16221 1 -3 10
867 278 16249 13 -3 13
868 285 16236 8 -10 0
867 264 16251 5 -6 9
872 281 16229 10 -8 -5
845 275 16184 15 -8 15
856 278 16227 5 -15 -5
869 267 16266 1 4 10
868 261 16248 17 -3 -1
882 267 16219 4 11 0
879 279 16204 3 1 2
879 276 16243 6 2 5
858 279 16252 14 -25 14
872 267 16231 4 -12 3
880 277 16243 6 -5 5
867 283 16211 4 1 5
875 263 16238 9 -6 6
871 267 16238 -4 -8 5
845 276 16239 7 -4 0
851 280 16243 8 -8 3
854 262 16241 18 1 10
865 301 16263 4 -17 7
851 286 16241 5 -3 0
847 274 16236 20 -13 23
834 249 16248 23 6 5
860 258 16257 16 -7 9
858 268 16230 18 13 6
862 266 16221 -5 -10 5
869 272 16230 11 -3 9
882 270 16251 11 0 10
874 289 16256 1 -9 9
860 262 16231 -3 -12 0
860 268 16246 10 -16 -7
836 278 16254 5 -18 10
841 278 16235 9 -19 13
845 262 16213 9 -4 9
838 280 16236 2 -19 4
867 277 16214 9 -14 11
889 267 16225 13 -7 14
904 261 16271 9 -1 12
896 270 16279 5 -6 5
880 272 16256 6 -4 12
871 291 16265 20 -5 4
869 277 16227 -2 -26 8
883 270 16241 1 -5 5
887 267 16223 7 0 3
877 263 16182 9 -2 0
870 247 16221 8 -2 -1
885 251 16248 -3 -16 9
846 239 16251 9 -12 0
871 277 16256 14 -16 10
841 282 16239 10 -8 3
846 295 16268 6 -6 3
837 280 16243 -1 -4 -6
829 279 16239 11 5 0
851 262 16203 7 -19 8
852 263 16242 11 -4 3
851 274 16227 8 -27 8
873 286 16257 1 -7 10
856 278 16238 5 -10 0
878 277 16224 4 -13 13
885 289 16247 15 -17 -3
862 287 16247 19 -6 -1
875 293 16233 -3 -1 10
878 277 16213 7 -11 0
878 261 16285 16 -6 6
878 265 16271 4 -4 -2
860 275 16224 1 4 5
875 275 16211 15 1 8
849 262 16178 12 -5 7
864 264 16199 20 -7 -5
881 263 16237 8 -14 12
861 274 16254 16 -9 13
852 274 16208 8 -1 7
827 289 16221 11 1 -10
869 282 16230 12 4 2
850 267 16226 7 -17 -3
837 308 16227 9 -15 8
840 278 16230 7 4 4
871 277 16220 9 -2 12
866 281 16227 9 -7 5
872 271 16227 24 -2 9
884 272 16220 6 -2 1
887 267 16255 18 -6 3
864 259 16256 16 -9 10
873 284 16241 9 3 -3
893 281 16218 18 -3 8
867 290 16219 -1 4 4
868 286 16227 8 -14 -1
877 276 16177 14 -13 7
870 270 16209 5 -19 -1
858 277 16238 6 -14 -10
842 279 16247 2 -4 -3
828 292 16263 13 -20 4
830 272 16236 11 -13 11
860 275 16195 -2 -1 3
859 263 16214 6 -15 6
868 275 16260 16 -17 14
873 276 16240 6 -15 6
888 267 16212 14 -8 7
892 272 16238 -2 1 7
908 279 16256 9 -10 4
895 282 16246 19 5 17
881 269 16186 5 -9 5
886 278 16238 15 -3 9
873 247 16220 18 -8 2
873 261 16211 3 -13 6
873 258 16216 3 -2 5
860 273 16167 9 -15 4
836 267 16175 13 -1 -15
857 282 16213 -2 -8 -2
852 274 16206 7 -20 -7
866 290 16225 10 -9 12
869 259 16259 10 1 5
863 269 16188 19 -19 3
855 262 16217 14 -14 14
877 254 16222 10 -9 12
896 252 16219 5 -13 6
873 269 16245 9 -17 8
883 279 16239 3 2 13
888 268 16236 15 -5 -4
907 271 16238 -4 -5 -9
902 295 16229 11 -10 -1
899 280 16225 9 -5 9
884 248 16239 5 -7 0
863 267 16234 3 -8 5
869 270 16228 8 -17 -2
862 284 16231 2 -14 3
874 280 16234 1 -5 -13
856 244 16224 14 -6 -2
862 260 16238 12 -8 15
869 271 16232 12 -3 -11
851 287 16239 9 -13 -1
867 272 16226 20 -17 8
856 258 16233 11 -4 13
878 254 16253 9 -6 15
874 256 16228 5 -18 -2
867 284 16223 10 -4 5
871 265 16204 8 -1 -2
867 270 16263 19 -5 5
873 262 16216 4 -14 12
867 287 16241 5 5 9
867 276 16207 21 -13 13
857 265 16218 2 -11 -11
863 269 16208 5 -7 0
873 267 16214 11 -11 2
870 276 16201 6 -11 -2
842 281 16215 5 -13 7
839 260 16224 6 -4 -6
848 253 16235 6 -11 3
879 252 16256 -6 -8 9
872 269 16264 17 -7 -8
868 276 16237 6 3 -6
882 271 16234 3 -10 13
864 262 16233 9 -16 6
847 254 16265 -1 -12 20
869 279 16243 -2 -4 12
854 278 16253 7 -3 7
885 285 16209 17 4 8
872 286 16229 6 -16 -4
878 290 16233 15 0 13
864 260 16222 19 -18 -1
856 277 16213 7 -6 20
864 263 16242 1 -20 9
880 255 16238 18 -16 15
863 256 16246 0 -10 -3
872 272 16233 3 -22 -2
881 258 16234 8 -12 11
851 273 16258 5 1 -1
884 268 16252 7 -6 7
871 282 16279 5 -2 0
850 270 16232 10 -15 -6
851 251 16225 5 -17 -1
837 249 16286 5 -3 9
842 259 16273 3 -4 -8
845 268 16232 0 -16 9
853 260 16265 3 -10 -9
855 275 16257 9 -19 2
863 263 16241 -5 4 4
874 271 16261 12 9 11
860 273 16245 13 2 7
854 278 16246 7 -15 11
868 262 16185 13 -8 -3
862 265 16213 6 -13 11
858 246 16210 26 6 11
857 253 16225 6 -18 -11
846 275 16234 6 -6 -7
859 261 16258 14 -19 5
840 272 16201 17 -3 4
857 255 16223 17 -13 0
846 250 16203 -5 -6 0
862 278 16206 19 -12 9
853 265 16203 12 2 13
847 261 16231 16 -3 6
856 288 16164 8 -7 -2
857 274 16233 20 -13 8
863 262 16229 5 4 10
865 296 16222 6 -21 9
873 271 16195 3 -14 -6
866 277 16202 18 -6 6
882 286 16230 0 -4 4
879 262 16257 8 5 18
875 255 16225 6 -24 3
872 254 16259 -2 -4 9
849 273 16251 9 -9 3
846 246 16217 4 -8 10
838 256 16213 10 7 1
843 255 16239 14 -5 9
874 238 16237 11 -5 -3
878 243 16218 7 2 10
868 270 16265 7 -13 -3
876 249 16242 7 0 0
892 258 16221 12 -1 5
891 283 16231 7 -1 12
883 294 16255 9 10 11
888 297 16243 18 -5 2
885 283 16235 16 -29 13
869 266 16236 0 -16 -1
871 260 16234 20 -9 7
866 258 16251 22 -4 7
875 259 16265 7 -1 -9
846 237 16227 19 -9 8
828 254 16266 11 -6 -1
852 273 16255 12 -16 1
865 257 16273 11 -5 1
833 248 16215 11 -8 12
836 275 16208 7 -8 -11
842 271 16251 17 -13 -9
852 279 16238 -7 1 6
863 270 16223 5 -16 12
861 275 16245 13 -1 7
872 275 16235 8 2 6
845 294 16261 20 -10 -2
887 271 16263 6 -11 6
864 280 16232 14 1 -2
871 272 16172 3 9 2
888 305 16238 -2 -9 5
890 282 16216 6 2 14
848 287 16242 6 -7 -2
874 277 16223 2 -1 2
881 274 16262 -5 -5 9
889 297 16230 -4 -10 1
868 262 16249 7 -5 -4
872 260 16250 18 -7 1
861 269 16239 13 -17 -8
853 264 16218 10 5 -8
838 272 16289 4 0 3
845 263 16247 10 -2 -3
848 265 16228 9 -12 -1
835 250 16244 20 -14 8
854 267 16214 9 -8 11
845 274 16200 -1 1 13
844 249 16223 6 -11 10
846 254 16206 19 -6 -2
853 260 16224 3 1 7
876 294 16225 7 1 7
873 289 16243 8 -4 -3
886 277 16219 4 -13 9
882 278 16242 9 4 9
873 290 16263 10 -11 4
871 301 16235 8 -9 5
854 315 16170 1 -10 -4
865 307 16209 11 -9 11
877 278 16236 0 -14 7
889 276 16255 11 -3 1
857 294 16296 -8 -6 12
856 302 16224 13 -16 -4
875 249 16225 3 -2 15
844 262 16272 4 2 19
845 219 16222 8 -2 -1
835 220 16189 11 -1 12
859 222 16208 6 -15 10
857 218 16192 13 -15 18
841 228 16165 1 4 6
833 246 16239 7 -18 -2
848 257 16189 4 -7 10
871 265 16183 19 0 17
870 244 16232 5 -7 7
886 273 16240 -2 -7 6
874 285 16273 0 -18 -2
889 303 16287 3 -1 7
894 285 16241 14 10 0
890 301 16208 1 -6 -11
880 306 16205 14 1 -4
866 310 16249 1 -8 11
887 301 16261 7 -4 -2
883 290 16243 7 -2 1
855 309 16269 2 -8 1
868 290 16249 0 -4 -6
844 284 16229 3 -5 0
851 276 16219 5 -3 3
863 257 16240 20 -11 10
883 237 16180 10 -3 6
859 260 16238 22 -1 1
864 246 16226 -2 12 -1
857 232 16227 0 -6 7
880 236 16256 12 -10 -8
885 243 16245 9 -12 -2
858 233 16274 11 -14 11
878 219 16244 10 0 3
895 242 16269 14 -13 9
912 253 16273 4 -15 17
893 248 16304 13 -3 9
883 275 16275 15 -14 7
895 277 16237 4 2 2
878 307 16216 3 -11 10
885 316 16254 10 -21 14
885 327 16234 14 -7 4
874 342 16234 10 3 -5
877 342 16216 2 -5 -5
866 326 16213 12 -15 6
864 293 16218 14 -2 5
852 274 16192 -1 -15 0
840 275 16218 6 -12 -2
843 253 16205 22 -4 0
817 221 16189 9 -7 17
836 219 16206 -3 -12 19
841 212 16200 14 -3 8
844 236 16273 7 -20 5
854 242 16278 19 -10 6
876 230 16288 19 -3 7
863 235 16272 5 -14 9
877 257 16269 12 -4 15
869 275 16213 -4 -17 5
884 263 16224 8 -5 -4
874 288 16199 -2 -4 -2
874 301 16207 2 -11 4
862 294 16238 7 -7 -4
876 291 16252 -4 3 -5
884 300 16227 1 -2 1
875 288 16224 8 5 6
884 285 16233 7 -13 1
859 261 16207 -5 -12 11
858 278 16238 19 -16 15
880 284 16171 9 -4 7
888 247 16193 -7 -10 -12
866 253 16242 0 1 -10
